10 Reserve top-0
20 For i=0 to 1673
30 Read a:poke 0+i,a
40 next i
50 ?"type CALL TOP to run your code."
100 END
10000 DATA 243,195,135,0,0,0,0,0,0,0
10010 DATA 0,0,0,0,0,0,0,0,0,0
10020 DATA 0,0,0,0,0,0,0,0,0,0
10030 DATA 0,0,0,0,0,0,0,0,0,0
10040 DATA 0,0,0,0,0,0,0,0,0,0
10050 DATA 0,0,0,0,0,0,0,0,0,0
10060 DATA 0,0,0,0,0,0,0,0,0,0
10070 DATA 0,0,0,0,0,0,0,0,0,0
10080 DATA 0,0,0,0,0,0,0,0,0,0
10090 DATA 0,0,0,0,0,0,0,0,0,0
10100 DATA 0,0,195,105,0,229,197,213,245,221
10110 DATA 229,253,229,219,225,245,175,211,225,195
10120 DATA 135,0,241,211,225,253,225,221,225,241
10130 DATA 209,193,225,237,69,33,245,0,205,77
10140 DATA 1,205,117,1,245,205,117,2,241,254
10150 DATA 85,204,181,0,254,88,202,172,0,254
10160 DATA 74,204,218,0,254,82,202,122,0,195
10170 DATA 135,0,17,83,242,26,111,19,26,103
10180 DATA 233,205,117,1,111,205,117,1,103,205
10190 DATA 117,1,79,205,117,1,71,17,83,242
10200 DATA 125,18,19,124,18,229,205,117,1,119
10210 DATA 35,11,120,177,32,246,225,201,205,117
10220 DATA 1,111,205,117,1,103,205,117,1,79
10230 DATA 205,117,1,71,126,205,62,1,35,11
10240 DATA 120,177,32,246,201,65,84,76,65,83
10250 DATA 32,68,69,66,85,71,71,69,82,10
10260 DATA 13,0,85,58,85,80,76,44,88,58
10270 DATA 82,85,78,44,74,58,68,79,87,78
10280 DATA 76,44,82,58,82,69,84,85,82,78
10290 DATA 10,13,0,245,62,128,211,35,241,211
10300 DATA 32,62,0,211,33,62,3,211,35,62
10310 DATA 0,211,34,62,0,211,33,201,205,68
10320 DATA 1,211,32,201,245,219,37,203,111,40
10330 DATA 250,241,201,126,35,254,0,200,205,62
10340 DATA 1,24,246,229,197,213,245,33,9,0
10350 DATA 57,70,43,78,96,105,205,77,1,241
10360 DATA 209,68,77,33,5,0,57,112,43,113
10370 DATA 193,225,201,237,87,245,209,243,62,1
10380 DATA 211,36,205,156,1,175,211,36,219,32
10390 DATA 213,87,241,122,224,251,201,62,1,211
10400 DATA 36,219,37,203,71,40,3,243,24,231
10410 DATA 175,201,245,219,37,203,71,40,250,241
10420 DATA 201,219,37,203,71,201,245,241,201,245
10430 DATA 62,13,205,62,1,62,10,205,62,1
10440 DATA 241,201,245,229,197,219,37,203,103,40
10450 DATA 4,62,66,24,26,203,87,40,4,62
10460 DATA 80,24,18,203,95,40,4,62,70,24
10470 DATA 10,203,79,40,4,62,79,24,2,62
10480 DATA 78,33,1,242,119,193,225,241,201,237
10490 DATA 68,237,68,237,68,237,68,237,68,237
10500 DATA 68,237,68,237,68,201,211,64,205,233
10510 DATA 1,201,62,159,205,250,1,62,191,205
10520 DATA 250,1,62,223,205,250,1,62,255,205
10530 DATA 250,1,201,205,0,2,175,50,117,242
10540 DATA 175,33,105,242,119,84,93,19,1,11
10550 DATA 0,237,176,201,245,197,229,230,3,7
10560 DATA 7,7,7,7,246,128,71,125,230,15
10570 DATA 176,205,250,1,225,229,203,60,203,29
10580 DATA 203,60,203,29,203,60,203,29,203,60
10590 DATA 203,29,125,230,63,205,250,1,225,193
10600 DATA 241,201,245,197,62,2,14,0,205,135
10610 DATA 2,62,2,205,42,2,193,205,218,3
10620 DATA 62,2,14,4,205,135,2,241,201,33
10630 DATA 159,0,6,160,205,90,2,201,33,53
10640 DATA 0,6,60,205,90,2,201,245,197,213
10650 DATA 7,60,95,121,254,4,62,15,40,9
10660 DATA 62,1,12,13,40,3,7,24,250,87
10670 DATA 62,128,203,3,203,3,203,3,203,3
10680 DATA 178,179,205,250,1,209,193,241,201,245
10690 DATA 205,218,2,71,58,117,242,176,50,117
10700 DATA 242,241,14,4,205,135,2,201,245,205
10710 DATA 218,2,237,68,61,71,58,117,242,160
10720 DATA 50,117,242,241,14,0,205,135,2,201
10730 DATA 60,79,175,60,13,200,7,24,251,253
10740 DATA 33,105,242,221,33,113,242,14,0,6
10750 DATA 0,197,253,110,0,253,102,1,124,181
10760 DATA 40,6,205,16,3,193,4,197,193,253
10770 DATA 35,253,35,221,35,12,121,254,4,32
10780 DATA 226,120,183,201,221,126,0,183,40,5
10790 DATA 61,221,119,0,192,126,254,9,40,38
10800 DATA 95,35,229,102,107,89,121,14,0,205
10810 DATA 135,2,75,253,229,221,229,205,42,2
10820 DATA 221,225,253,225,225,35,126,221,119,0
10830 DATA 35,253,117,0,253,116,1,201,35,126
10840 DATA 35,254,9,40,9,254,8,40,19,254
10850 DATA 7,40,31,201,33,0,0,253,117,0
10860 DATA 253,116,1,121,205,143,3,201,121,205
10870 DATA 143,3,126,221,119,0,35,253,117,0
10880 DATA 253,116,1,201,126,35,229,71,121,7
10890 DATA 7,7,7,7,230,96,176,253,229,221
10900 DATA 229,205,250,1,221,225,253,225,225,24
10910 DATA 140,7,7,7,7,7,230,96,246,4
10920 DATA 195,250,1,0,0,0,0,0,0,0
10930 DATA 0,0,0,0,0,0,0,0,0,0
10940 DATA 0,0,0,195,215,3,0,20,19,18
10950 DATA 18,17,16,16,13,13,11,11,11,8
10960 DATA 6,6,3,3,1,0,0,219,128,33
10970 DATA 178,3,95,22,0,25,126,95,33,155
10980 DATA 3,25,233,16,253,201,197,6,190,205
10990 DATA 199,3,193,16,247,201,197,6,250,205
11000 DATA 218,3,6,250,205,218,3,6,250,205
11010 DATA 218,3,6,250,205,218,3,193,16,232
11020 DATA 201,245,213,205,50,4,209,205,88,4
11030 DATA 241,201,183,71,230,240,15,79,15,15
11040 DATA 129,79,120,230,15,129,201,38,255,36
11050 DATA 214,100,48,251,198,100,46,255,44,214
11060 DATA 10,48,251,198,10,79,125,7,7,7
11070 DATA 7,177,111,201,1,0,16,17,0,0
11080 DATA 41,123,143,39,95,122,143,39,87,121
11090 DATA 143,39,79,16,241,235,201,183,71,230
11100 DATA 240,15,79,15,15,129,79,120,230,15
11110 DATA 129,201,121,205,133,4,121,205,137,4
11120 DATA 124,205,133,4,124,205,137,4,125,205
11130 DATA 133,4,125,24,26,31,31,31,31,230
11140 DATA 15,198,144,39,206,64,39,18,19,201
11150 DATA 125,205,111,4,125,24,238,31,31,31
11160 DATA 31,230,15,198,144,39,206,64,39,18
11170 DATA 19,201,38,0,111,30,0,22,0,1
11180 DATA 0,0,221,33,0,0,34,42,242,237
11190 DATA 83,44,242,237,67,46,242,221,34,48
11200 DATA 242,33,50,242,17,51,242,54,32,1
11210 DATA 18,0,237,176,237,67,69,242,30,1
11220 DATA 33,50,242,1,9,9,175,5,40,41
11230 DATA 43,182,40,249,13,23,48,252,31,87
11240 DATA 229,197,33,69,242,67,203,18,126,143
11250 DATA 39,119,43,16,249,48,3,28,54,1
11260 DATA 13,32,235,193,14,8,225,43,86,16
11270 DATA 225,33,70,242,75,183,237,66,84,93
11280 DATA 237,66,235,65,203,33,62,48,237,111
11290 DATA 254,48,32,6,13,19,24,4,237,111
11300 DATA 18,19,237,111,18,19,35,16,245,237
11310 DATA 66,201,235,33,50,242,205,43,5,237
11320 DATA 176,235,201,126,254,32,192,35,24,249
11330 DATA 6,8,111,203,21,31,16,251,201,229
11340 DATA 126,254,0,40,14,254,48,56,6,254
11350 DATA 58,56,9,254,57,246,1,225,201,191
11360 DATA 225,201,35,24,231,229,126,254,0,40
11370 DATA 20,254,48,56,12,254,58,56,15,254
11380 DATA 48,56,4,254,71,56,7,246,1,225
11390 DATA 201,191,225,201,35,24,225,175,205,123
11400 DATA 5,122,201,87,126,35,214,58,198,10
11410 DATA 208,95,122,135,135,130,135,131,24,239
11420 DATA 126,205,157,5,135,135,135,135,87,35
11430 DATA 126,205,157,5,178,35,201,214,48,254
11440 DATA 10,216,214,7,201,205,140,5,71,205
11450 DATA 140,5,79,201,126,35,214,48,203,39
11460 DATA 203,39,203,39,203,39,71,126,35,214
11470 DATA 48,176,201,79,205,206,5,119,35,121
11480 DATA 205,210,5,119,35,201,31,31,31,31
11490 DATA 246,240,39,198,160,206,64,201,34,71
11500 DATA 242,201,175,50,73,242,50,71,242,50
11510 DATA 72,242,201,58,71,242,71,58,72,242
11520 DATA 128,183,201,245,237,91,71,242,235,58
11530 DATA 73,242,79,6,0,9,235,241,201,58
11540 DATA 73,242,60,50,73,242,201,205,243,5
11550 DATA 205,3,6,126,18,35,19,183,200,24
11560 DATA 245,205,243,5,18,205,3,6,19,175
11570 DATA 18,201,38,0,111,245,17,75,242,205
11580 DATA 126,4,62,104,18,19,175,18,33,75
11590 DATA 242,205,77,1,205,173,1,241,201,229
11600 DATA 14,0,126,35,12,254,0,32,249,13
11610 DATA 225,121,184,200,120,145,216,71,62,48
11620 DATA 43,119,16,252,201,17,2,242,126,18
11630 DATA 254,0,200,19,35,24,247,22,0,106
11640 DATA 6,8,41,210,111,6,25,16,249,201
11650 DATA 33,0,0,87,89,25,21,32,252,201
11660 DATA 175,6,16,41,203,23,187,56,2,147
