10 Reserve top-122
20 For i=0 to 8191
30 Read a:poke 122+i,a
40 next i
50 ?"type CALL TOP to run your code."
100 END
10000 DATA 47,195,191,129,195,95,128,195,143,128
10010 DATA 195,147,128,195,169,128,195,33,130,195
10020 DATA 79,128,205,210,139,201,126,254,0,200
10030 DATA 229,205,22,128,225,35,24,244,225,205
10040 DATA 26,128,35,229,201,223,60,201,126,183
10050 DATA 200,223,60,35,24,248,126,183,200,254
10060 DATA 10,40,4,254,31,56,4,223,60,24
10070 DATA 5,229,205,242,128,225,35,24,233,71
10080 DATA 205,57,140,32,4,219,6,203,95,120
10090 DATA 22,160,203,182,201,213,197,221,229,229
10100 DATA 205,98,138,32,5,205,103,138,24,16
10110 DATA 205,9,140,254,254,32,9,33,60,0
10120 DATA 54,102,62,25,24,3,205,172,136,225
10130 DATA 221,225,193,209,254,0,192,203,182,35
10140 DATA 126,43,201,205,210,139,201,205,9,140
10150 DATA 201,229,197,205,172,148,193,225,201,229
10160 DATA 197,213,205,155,148,209,193,225,201,213
10170 DATA 245,197,229,33,122,0,53,126,183,40
10180 DATA 5,225,193,241,209,201,54,3,225,229
10190 DATA 66,5,5,17,15,0,25,175,17,123
10200 DATA 0,18,19,18,213,87,95,205,151,128
10210 DATA 209,27,14,0,126,203,127,40,6,245
10220 DATA 121,18,241,203,191,205,159,128,43,12
10230 DATA 16,238,26,87,30,0,205,172,148,195
10240 DATA 181,128,245,38,0,111,17,175,0,205
10250 DATA 73,155,62,10,18,19,62,13,18,19
10260 DATA 175,18,33,175,0,205,225,139,241,201
10270 DATA 229,33,171,0,203,214,33,36,0,203
10280 DATA 214,225,24,18,229,33,171,0,203,150
10290 DATA 33,36,0,203,150,225,24,4,175,211
10300 DATA 7,201,229,33,171,0,126,211,7,62
10310 DATA 5,211,9,225,201,92,67,72,83,69
10320 DATA 84,52,46,67,72,82,0,92,67,72
10330 DATA 83,69,84,50,46,67,72,82,0,6
10340 DATA 2,62,196,205,142,139,33,59,129,1
10350 DATA 184,11,17,0,64,205,109,143,48,1
10360 DATA 118,33,71,129,1,184,11,17,0,80
10370 DATA 205,109,143,48,1,118,62,194,6,2
10380 DATA 205,142,139,201,21,2,0,24,24,40
10390 DATA 64,32,0,2,0,0,0,0,10,0
10400 DATA 0,0,255,0,171,0,0,0,0,177
10410 DATA 33,128,129,17,104,2,1,26,0,237
10420 DATA 176,33,92,0,54,104,35,54,2,201
10430 DATA 229,205,225,139,225,17,244,0,26,213
10440 DATA 205,227,132,209,235,52,201,243,205,28
10450 DATA 129,205,83,129,205,154,129,205,163,132
10460 DATA 33,244,0,54,0,33,131,131,175,205
10470 DATA 227,132,205,14,129,62,1,205,185,139
10480 DATA 33,204,131,205,174,129,33,233,131,205
10490 DATA 174,129,33,84,132,205,174,129,205,92
10500 DATA 138,33,97,132,205,174,129,205,249,146
10510 DATA 205,183,149,33,110,132,205,174,129,205
10520 DATA 29,148,33,115,131,205,145,148,33,130
10530 DATA 132,205,174,129,205,147,138,205,121,136
10540 DATA 33,122,0,54,5,33,251,131,205,225
10550 DATA 139,33,68,132,205,225,139,205,136,148
10560 DATA 33,131,131,205,145,148,33,84,131,62
10570 DATA 10,205,227,132,205,93,130,254,85,204
10580 DATA 202,130,254,88,202,173,130,254,83,204
10590 DATA 43,131,254,78,202,132,130,254,68,204
10600 DATA 16,131,195,33,130,175,205,57,140,40
10610 DATA 4,205,9,140,201,205,98,138,32,241
10620 DATA 205,103,138,183,202,93,130,201,22,0
10630 DATA 30,0,205,172,148,201,22,0,30,1
10640 DATA 205,172,148,201,33,224,0,62,47,119
10650 DATA 35,54,0,35,54,0,205,124,130,33
10660 DATA 67,131,205,145,148,205,201,148,205,229
10670 DATA 148,33,6,0,54,254,35,54,127,175
10680 DATA 211,224,195,21,160,205,136,148,205,124
10690 DATA 130,33,170,131,205,145,148,205,116,130
10700 DATA 62,5,205,227,132,17,169,0,26,111
10710 DATA 19,26,103,233,33,157,131,205,124,130
10720 DATA 205,145,148,205,9,140,111,205,9,140
10730 DATA 103,205,9,140,79,205,9,140,71,17
10740 DATA 169,0,125,18,19,124,18,254,128,40
10750 DATA 2,56,2,211,124,229,205,9,140,119
10760 DATA 35,11,120,177,32,246,211,125,33,142
10770 DATA 131,205,136,148,205,145,148,62,5,205
10780 DATA 227,132,225,201,205,9,140,111,205,9
10790 DATA 140,103,205,9,140,79,205,9,140,71
10800 DATA 126,205,210,139,35,11,120,177,32,246
10810 DATA 201,33,182,131,17,130,2,1,21,0
10820 DATA 237,176,33,182,131,17,194,2,1,21
10830 DATA 0,237,176,175,201,60,67,68,69,83
10840 DATA 80,32,50,48,50,50,45,50,52,62
10850 DATA 32,0,85,58,85,80,44,88,58,82
10860 DATA 85,78,44,83,58,68,73,83,80,44
10870 DATA 78,58,78,66,82,79,77,44,68,58
10880 DATA 68,78,0,76,67,68,32,73,78,73
10890 DATA 84,73,65,76,73,90,69,68,0,87
10900 DATA 65,73,84,73,78,71,46,46,46,0
10910 DATA 80,82,71,32,84,82,65,78,83,70
10920 DATA 69,82,69,68,0,82,69,67,69,73
10930 DATA 86,73,78,71,46,46,46,0,80,82
10940 DATA 71,32,69,88,69,67,85,84,69,0
10950 DATA 78,69,87,66,82,65,73,78,32,83
10960 DATA 67,82,69,69,78,32,82,69,65,68
10970 DATA 89,0,78,69,87,66,82,65,73,78
10980 DATA 32,72,65,82,68,87,65,82,69,32
10990 DATA 69,77,85,76,65,84,79,82,10,13
11000 DATA 0,67,68,101,115,112,32,50,48,50
11010 DATA 50,45,50,48,50,52,10,13,0,85
11020 DATA 58,85,80,44,88,58,82,85,78,44
11030 DATA 83,58,68,73,83,80,44,78,58,78
11040 DATA 66,82,79,77,44,68,58,68,78,10
11050 DATA 13,0,78,69,87,66,82,65,73,78
11060 DATA 32,66,79,79,84,69,68,32,79,75
11070 DATA 10,13,0,67,76,69,65,82,73,78
11080 DATA 71,32,83,67,82,69,69,78,46,10
11090 DATA 13,0,10,13,87,65,73,84,73,78
11100 DATA 71,46,46,46,10,13,0,0,10,13
11110 DATA 82,83,50,51,50,32,79,75,10,13
11120 DATA 0,75,69,89,66,79,82,68,32,79
11130 DATA 75,10,13,0,73,50,67,32,79,75
11140 DATA 10,13,0,83,79,85,78,68,32,79
11150 DATA 75,10,13,0,76,67,68,32,49,54
11160 DATA 120,50,32,79,75,10,13,0,229,245
11170 DATA 33,4,133,205,230,132,241,225,201,175
11180 DATA 33,17,134,205,227,132,201,6,25,175
11190 DATA 197,205,144,132,60,193,16,248,205,155
11200 DATA 132,201,245,6,8,203,7,245,62,0
11210 DATA 48,2,62,1,198,48,205,201,132,28
11220 DATA 241,16,238,241,201,229,213,245,197,33
11230 DATA 130,2,66,213,17,64,0,25,16,253
11240 DATA 209,67,35,16,253,119,193,241,209,225
11250 DATA 201,205,144,132,229,33,130,2,183,40
11260 DATA 7,71,17,64,0,25,16,253,235,225
11270 DATA 126,183,40,9,254,31,56,2,18,19
11280 DATA 35,24,243,201,32,32,32,32,32,32
11290 DATA 32,32,32,32,32,32,32,32,32,32
11300 DATA 32,32,32,32,32,32,32,32,32,32
11310 DATA 32,32,32,32,32,32,32,32,32,32
11320 DATA 32,32,32,32,32,32,32,32,32,32
11330 DATA 32,32,32,32,32,32,32,32,32,32
11340 DATA 32,32,32,32,32,32,32,32,32,32
11350 DATA 32,32,32,32,32,32,32,32,32,32
11360 DATA 32,32,32,32,32,32,32,32,32,32
11370 DATA 32,32,32,0,32,32,32,32,32,32
11380 DATA 32,32,32,32,32,32,32,32,32,32
11390 DATA 32,32,32,32,32,32,32,32,32,32
11400 DATA 32,32,32,32,32,32,32,32,32,32
11410 DATA 32,32,32,32,32,32,32,32,32,32
11420 DATA 32,32,32,32,32,32,32,32,32,32
11430 DATA 32,32,32,32,32,32,32,32,32,32
11440 DATA 32,32,32,32,32,32,32,32,32,32
11450 DATA 32,32,32,32,32,32,32,32,32,32
11460 DATA 32,32,32,32,32,32,32,32,32,32
11470 DATA 32,32,32,32,32,32,32,32,32,32
11480 DATA 32,32,32,32,32,32,32,32,32,32
11490 DATA 32,32,32,32,32,32,32,32,32,32
11500 DATA 32,32,32,32,32,32,32,32,32,32
11510 DATA 32,32,32,32,32,32,32,32,32,32
11520 DATA 32,32,32,32,32,32,32,32,32,32
11530 DATA 32,32,32,32,32,32,32,32,32,32
11540 DATA 32,32,32,32,32,32,32,32,32,32
11550 DATA 32,32,0,83,67,82,69,69,78,32
11560 DATA 82,69,65,68,89,33,33,33,0,4
11570 DATA 5,4,16,42,10,197,1,1,0,231
11580 DATA 55,193,216,114,175,71,79,201,243,33
11590 DATA 36,0,203,134,126,211,7,62,1,211
11600 DATA 36,205,95,134,175,211,36,219,32,205
11610 DATA 72,229,251,183,201,79,243,205,28,226
11620 DATA 121,205,7,128,205,72,229,251,43,183
11630 DATA 201,33,0,100,219,37,31,216,16,250
11640 DATA 219,37,31,216,45,219,37,31,216,194
11650 DATA 98,134,219,37,31,216,37,219,37,31
11660 DATA 216,194,98,134,241,62,200,55,201,4
11670 DATA 24,27,135,243,106,17,240,0,237,176
11680 DATA 201,229,126,183,40,6,231,47,119,35
11690 DATA 24,246,225,201,62,0,24,2,62,1
11700 DATA 229,197,245,1,16,2,231,55,209,193
11710 DATA 56,65,229,122,119,35,54,0,35,54
11720 DATA 0,35,54,0,35,54,0,35,229,197
11730 DATA 1,20,0,9,193,54,0,35,54,0
11740 DATA 209,221,225,225,213,237,176,175,18,225
11750 DATA 205,145,134,221,126,0,254,0,32,15
11760 DATA 1,0,0,19,243,205,16,141,205,109
11770 DATA 143,251,62,150,216,175,201,225,55,201
11780 DATA 126,254,1,32,18,221,229,229,221,225
11790 DATA 1,5,0,9,221,78,3,221,70,4
11800 DATA 205,171,135,175,71,79,201,221,229,205
11810 DATA 23,135,221,225,201,126,254,0,62,155
11820 DATA 55,192,205,214,135,35,229,78,35,70
11830 DATA 35,94,35,86,35,62,151,218,241,134
11840 DATA 40,14,1,22,0,9,25,126,225,35
11850 DATA 35,19,115,35,114,201,229,209,235,197
11860 DATA 1,22,0,9,193,235,213,243,205,16
11870 DATA 141,205,237,143,251,209,62,152,218,241
11880 DATA 134,225,213,235,26,111,19,26,103,9
11890 DATA 235,114,43,115,35,35,62,1,119,35
11900 DATA 175,119,35,197,1,20,0,9,193,113
11910 DATA 35,112,209,175,26,201,221,229,229,221
11920 DATA 225,87,126,254,0,62,155,55,40,71
11930 DATA 122,1,5,0,9,221,229,209,235,1
11940 DATA 27,0,9,221,78,3,221,70,4,9
11950 DATA 235,18,121,254,243,32,37,120,254,1
11960 DATA 32,32,3,235,221,229,225,197,1,27
11970 DATA 0,9,193,235,205,16,141,205,71,145
11980 DATA 62,150,56,6,62,153,55,32,1,175
11990 DATA 1,0,0,22,3,221,113,3,221,112
12000 DATA 4,221,225,254,0,201,221,229,213,197
12010 DATA 229,221,225,221,94,3,221,86,4,221
12020 DATA 78,25,221,70,26,120,177,62,3,40
12030 DATA 28,235,183,237,66,124,181,235,62,1
12040 DATA 32,17,120,214,1,32,9,121,214,244
12050 DATA 32,4,62,2,24,3,62,151,55,193
12060 DATA 209,221,225,201,229,197,213,205,227,155
12070 DATA 33,203,0,205,119,156,205,225,139,209
12080 DATA 193,225,201,229,197,213,245,205,16,136
12090 DATA 213,197,205,38,128,32,72,76,10,13
12100 DATA 0,193,209,213,225,205,16,136,213,197
12110 DATA 205,38,128,32,68,69,10,13,0,193
12120 DATA 209,197,225,205,16,136,213,197,205,38
12130 DATA 128,32,66,67,10,13,0,193,209,241
12140 DATA 209,193,225,201,245,229,213,197,175,18
12150 DATA 213,225,19,1,243,1,237,176,193,209
12160 DATA 225,241,201,4,42,45,153,5,124,33
12170 DATA 88,0,17,137,136,115,35,114,33,19
12180 DATA 0,62,12,119,201,17,131,230,238,237
12190 DATA 244,237,80,230,117,230,54,161,26,161
12200 DATA 31,228,60,228,47,228,25,228,150,165
12210 DATA 133,134,133,134,133,134,133,134,33,134
12220 DATA 254,0,200,205,83,137,201,33,209,136
12230 DATA 6,0,79,9,126,254,0,200,33,128
12240 DATA 0,203,110,40,4,6,192,24,6,79
12250 DATA 126,230,192,71,121,176,201,0,0,0
12260 DATA 0,0,0,0,0,0,0,0,0,0
12270 DATA 164,0,0,0,0,0,0,0,14,9
12280 DATA 0,0,0,60,45,46,13,8,0,0
12290 DATA 58,59,44,12,6,7,0,0,15,57
12300 DATA 43,10,11,5,0,0,52,56,41,42
12310 DATA 37,4,0,0,0,53,51,35,3,19
12320 DATA 0,0,54,62,36,38,21,20,0,0
12330 DATA 55,47,39,40,26,28,0,0,0,67
12340 DATA 0,86,27,0,0,0,0,30,0,0
12350 DATA 0,0,0,0,0,0,0,0,0,64
12360 DATA 0,0,154,0,2,63,0,0,0,61
12370 DATA 165,34,0,18,50,31,25,0,29,7
12380 DATA 28,24,20,0,0,0,0,33,92,137
12390 DATA 6,0,79,9,126,201,0,61,82,18
12400 DATA 2,0,64,0,64,155,34,50,0,30
12410 DATA 0,0,0,0,0,0,0,0,0,0
12420 DATA 0,0,0,31,156,157,0,0,15,73
12430 DATA 72,71,70,69,0,67,22,23,24,29
12440 DATA 54,28,55,47,21,9,8,7,6,5
12450 DATA 4,3,19,20,104,40,118,27,119,111
12460 DATA 0,110,120,122,108,76,107,106,105,100
12470 DATA 115,126,103,117,116,102,90,78,75,109
12480 DATA 74,99,121,77,123,101,124,86,92,87
12490 DATA 93,0,0,46,56,58,44,12,43,42
12500 DATA 41,36,51,62,39,53,52,38,26,14
12510 DATA 11,45,10,35,57,13,59,37,60,0
12520 DATA 0,0,0,0,0,0,0,0,0,0
12530 DATA 0,0,0,0,0,0,0,0,0,0
12540 DATA 0,0,0,0,0,0,0,0,0,0
12550 DATA 0,0,0,0,0,0,0,0,0,0
12560 DATA 0,0,0,0,0,0,0,0,0,0
12570 DATA 0,0,0,0,0,0,0,0,0,0
12580 DATA 0,0,0,0,0,0,0,0,0,0
12590 DATA 0,0,0,0,0,0,0,0,0,0
12600 DATA 0,0,0,0,0,0,0,0,0,0
12610 DATA 0,0,0,0,0,0,0,0,0,0
12620 DATA 0,0,0,0,0,0,0,0,0,0
12630 DATA 0,0,0,0,0,0,0,0,0,0
12640 DATA 0,0,0,0,0,0,0,0,0,0
12650 DATA 0,0,33,128,0,54,0,201,219,6
12660 DATA 254,56,201,205,115,138,183,200,50,129
12670 DATA 0,205,87,153,201,205,124,138,183,200
12680 DATA 205,150,152,201,243,219,72,79,205,139
12690 DATA 138,121,251,201,62,2,211,72,201,175
12700 DATA 211,72,211,72,211,72,201,62,3,211
12710 DATA 224,62,5,211,228,33,249,162,54,205
12720 DATA 17,219,138,35,115,35,114,33,133,164
12730 DATA 54,195,17,191,138,35,115,35,114,62
12740 DATA 1,211,224,62,5,211,227,201,1,79
12750 DATA 211,1,20,221,250,53,195,1,0,222
12760 DATA 254,86,218,53,195,1,67,164,254,98
12770 DATA 218,53,195,1,166,138,195,53,195,221
12780 DATA 229,253,229,213,33,188,138,205,212,162
12790 DATA 212,242,138,209,253,225,221,225,33,90
12800 DATA 163,201,33,18,139,205,212,162,216,97
12810 DATA 46,177,215,1,5,200,223,24,216,201
12820 DATA 28,139,52,139,10,139,126,183,40,14
12830 DATA 61,40,35,201,2,68,73,210,0,1
12840 DATA 67,196,1,2,215,57,17,13,45,45
12850 DATA 45,91,68,73,82,32,73,78,70,79
12860 DATA 93,45,45,13,205,222,140,201,205,54
12870 DATA 220,205,141,141,56,9,62,150,40,5
12880 DATA 205,47,141,24,15,229,245,215,57,5
12890 DATA 69,82,82,95,82,241,205,242,128,225
12900 DATA 245,84,93,26,254,0,62,0,18,19
12910 DATA 32,247,6,4,18,19,16,252,229,213
12920 DATA 33,224,0,126,183,40,5,223,60,35
12930 DATA 24,247,35,126,183,32,242,209,225,235
12940 DATA 205,140,197,241,175,201,33,130,0,6
12950 DATA 8,175,119,60,35,16,251,201,79,120
12960 DATA 254,2,216,254,7,200,33,130,0,22
12970 DATA 0,95,25,121,119,14,0,88,203,32
12980 DATA 203,32,203,32,203,32,203,32,237,121
12990 DATA 67,201,33,130,0,22,0,88,25,126
13000 DATA 201,245,62,128,211,35,241,211,32,62
13010 DATA 0,211,33,62,3,211,35,62,0,211
13020 DATA 34,62,0,211,33,201,205,216,139,211
13030 DATA 32,201,245,219,37,203,111,40,250,241
13040 DATA 201,126,35,254,0,200,205,210,139,24
13050 DATA 246,229,197,213,245,33,9,0,57,70
13060 DATA 43,78,96,105,205,225,139,241,209,68
13070 DATA 77,33,5,0,57,112,43,113,193,225
13080 DATA 201,237,87,245,209,243,62,1,211,36
13090 DATA 205,48,140,175,211,36,219,32,213,87
13100 DATA 241,122,224,251,201,62,1,211,36,219
13110 DATA 37,203,71,40,3,243,24,231,175,201
13120 DATA 245,219,37,203,71,40,250,241,201,219
13130 DATA 37,203,71,201,245,241,201,245,62,13
13140 DATA 205,210,139,62,10,205,210,139,241,201
13150 DATA 245,229,197,219,37,203,103,40,4,62
13160 DATA 66,24,26,203,87,40,4,62,80,24
13170 DATA 18,203,95,40,4,62,70,24,10,203
13180 DATA 79,40,4,62,79,24,2,62,78,33
13190 DATA 122,0,119,193,225,241,201,87,175,50
13200 DATA 138,0,205,90,146,32,6,122,205,111
13210 DATA 146,40,3,62,0,201,205,79,146,191
13220 DATA 62,128,50,138,0,201,58,138,0,203
13230 DATA 127,201,205,154,140,55,200,6,5,205
13240 DATA 159,146,40,6,48,28,16,247,175,201
13250 DATA 175,58,138,0,203,71,192,205,170,146
13260 DATA 32,12,58,138,0,203,199,50,138,0
13270 DATA 175,62,1,201,175,58,138,0,203,71
13280 DATA 200,203,135,50,138,0,62,2,201,195
13290 DATA 179,146,42,0,205,16,141,33,220,140
13300 DATA 205,141,141,200,62,39,205,57,146,205
13310 DATA 120,145,62,0,18,33,139,0,205,56
13320 DATA 128,62,13,205,45,128,62,51,205,57
13330 DATA 146,205,202,145,254,66,24,221,126,35
13340 DATA 183,200,24,250,229,213,197,33,224,0
13350 DATA 205,29,141,193,209,225,201,126,183,200
13360 DATA 229,205,141,141,225,216,55,62,150,200
13370 DATA 205,10,141,24,238,229,126,254,92,40
13380 DATA 14,254,47,40,10,254,46,32,45,254
13390 DATA 46,40,15,225,201,33,224,0,54,92
13400 DATA 35,54,0,35,54,0,225,201,33,224
13410 DATA 0,205,10,141,126,183,235,225,200,229
13420 DATA 235,68,77,205,10,141,126,183,32,247
13430 DATA 175,2,225,201,235,33,224,0,205,10
13440 DATA 141,126,183,32,249,235,126,18,35,19
13450 DATA 183,32,249,235,54,0,225,201,245,205
13460 DATA 48,128,62,10,205,45,128,241,201,229
13470 DATA 62,47,205,57,146,205,238,146,32,14
13480 DATA 62,50,205,57,146,205,202,145,225,254
13490 DATA 66,200,183,201,225,55,201,201,201,213
13500 DATA 17,0,0,205,180,141,209,201,62,57
13510 DATA 205,57,146,121,205,61,146,120,205,61
13520 DATA 146,123,205,61,146,122,205,61,146,205
13530 DATA 202,145,201,201,201,62,39,205,57,146
13540 DATA 205,120,145,245,214,8,71,241,33,147
13550 DATA 0,126,229,197,205,22,128,193,225,35
13560 DATA 16,245,205,65,140,62,63,205,57,146
13570 DATA 205,202,145,192,62,39,205,57,146,205
13580 DATA 120,145,221,33,139,0,221,229,221,86
13590 DATA 3,221,94,2,221,102,1,221,110,0
13600 DATA 205,231,155,33,203,0,205,119,156,205
13610 DATA 26,128,205,38,128,32,83,69,67,84
13620 DATA 79,82,83,10,13,0,221,225,221,229
13630 DATA 221,86,7,221,94,6,221,102,5,221
13640 DATA 110,4,205,231,155,33,203,0,205,119
13650 DATA 156,205,26,128,205,38,128,32,83,69
13660 DATA 67,84,79,82,83,32,70,82,69,69
13670 DATA 32,32,32,10,13,0,221,225,221,126
13680 DATA 8,61,40,8,61,40,24,61,40,40
13690 DATA 24,57,205,38,128,70,83,32,73,83
13700 DATA 32,70,65,84,45,49,50,10,13,0
13710 DATA 201,205,38,128,70,83,32,73,83,32
13720 DATA 70,65,84,45,49,54,10,13,0,201
13730 DATA 205,38,128,70,83,32,73,83,32,70
13740 DATA 65,84,45,51,50,10,13,0,201,205
13750 DATA 38,128,85,78,75,78,79,87,78,32
13760 DATA 70,83,10,13,0,221,126,8,201,245
13770 DATA 62,47,205,57,146,33,240,0,205,238
13780 DATA 146,40,30,241,205,38,128,69,82,82
13790 DATA 79,82,32,83,69,84,84,73,78,71
13800 DATA 32,70,73,76,69,78,65,77,69,10
13810 DATA 13,0,201,241,183,40,12,214,1,40
13820 DATA 8,214,1,40,4,62,52,24,2,62
13830 DATA 50,205,57,146,205,202,145,201,62,54
13840 DATA 205,57,146,62,1,205,61,146,205,202
13850 DATA 145,201,213,62,58,205,57,146,121,205
13860 DATA 61,146,120,205,61,146,47,47,209,33
13870 DATA 0,0,229,213,205,202,145,209,225,40
13880 DATA 28,254,29,32,28,62,39,205,57,146
13890 DATA 205,76,146,71,205,76,146,18,19,35
13900 DATA 16,248,62,59,205,57,146,24,219,68
13910 DATA 77,175,201,245,205,112,157,205,38,128
13920 DATA 69,82,82,79,82,32,82,69,65,68
13930 DATA 73,78,71,32,66,76,79,67,75,33
13940 DATA 33,33,32,0,241,6,2,5,201,213
13950 DATA 197,205,165,157,175,205,185,142,32,75
13960 DATA 193,209,205,12,143,40,32,205,112,157
13970 DATA 205,38,128,32,69,82,82,79,82,32
13980 DATA 82,69,65,68,73,78,71,32,70,73
13990 DATA 76,69,10,13,0,213,197,24,36,197
14000 DATA 205,227,155,33,203,0,205,119,156,205
14010 DATA 225,139,205,38,128,32,66,89,84,69
14020 DATA 83,32,82,69,65,68,10,13,0,205
14030 DATA 254,142,193,175,201,193,209,205,112,157
14040 DATA 205,38,128,45,45,62,69,82,82,79
14050 DATA 82,32,65,84,32,76,79,65,68,70
14060 DATA 73,76,69,10,13,0,33,240,0,205
14070 DATA 225,139,205,65,140,55,201,213,197,205
14080 DATA 165,157,175,205,185,142,32,50,193,205
14090 DATA 171,141,1,244,1,209,205,12,143,40
14100 DATA 30,205,112,157,205,38,128,32,69,82
14110 DATA 82,79,82,32,82,69,65,68,73,78
14120 DATA 71,32,70,73,76,69,10,13,0,24
14130 DATA 9,197,205,254,142,193,175,201,193,209
14140 DATA 205,112,157,205,38,128,45,45,62,69
14150 DATA 82,82,79,82,32,79,80,69,78,73
14160 DATA 78,71,32,70,73,76,69,10,13,0
14170 DATA 33,240,0,205,225,139,205,65,140,55
14180 DATA 201,213,62,60,205,57,146,121,205,61
14190 DATA 146,120,205,61,146,225,205,202,145,40
14200 DATA 27,254,30,32,25,62,45,205,57,146
14210 DATA 205,76,146,71,126,205,61,146,35,16
14220 DATA 249,62,61,205,57,146,24,224,183,201
14230 DATA 245,205,112,157,205,38,128,69,82,82
14240 DATA 79,82,32,87,82,73,84,73,78,71
14250 DATA 32,66,76,79,67,75,33,33,33,32
14260 DATA 13,10,0,241,6,2,5,201,213,197
14270 DATA 229,205,38,128,10,13,83,65,86,69
14280 DATA 32,70,73,76,69,10,13,10,13,0
14290 DATA 225,205,165,157,62,4,205,185,142,32
14300 DATA 78,205,38,128,10,13,70,73,76,69
14310 DATA 32,67,82,69,65,84,69,68,32,79
14320 DATA 75,10,13,0,193,209,205,85,144,40
14330 DATA 25,205,38,128,32,69,82,82,79,82
14340 DATA 32,87,82,73,84,73,78,71,32,70
14350 DATA 73,76,69,10,13,0,205,38,128,66
14360 DATA 89,84,69,32,87,82,73,84,84,69
14370 DATA 78,10,13,0,205,254,142,175,201,193
14380 DATA 209,205,112,157,205,38,128,45,45,62
14390 DATA 69,82,82,79,82,32,67,82,69,65
14400 DATA 84,73,78,71,32,70,73,76,69,10
14410 DATA 13,0,33,240,0,205,225,139,205,65
14420 DATA 140,55,201,197,213,205,165,157,62,1
14430 DATA 205,185,142,32,11,1,255,255,17,255
14440 DATA 255,205,180,141,24,9,62,4,205,185
14450 DATA 142,62,151,32,13,209,193,205,85,144
14460 DATA 245,205,254,142,241,192,175,201,209,193
14470 DATA 55,201,205,76,146,254,0,200,245,17
14480 DATA 139,0,71,205,76,146,18,19,16,249
14490 DATA 241,201,245,205,235,139,70,65,84,65
14500 DATA 76,32,69,82,82,79,82,58,0,241
14510 DATA 205,112,157,33,173,145,254,146,40,1
14520 DATA 201,205,225,139,201,80,65,82,84,73
14530 DATA 84,73,79,78,46,78,79,84,46,83
14540 DATA 85,80,80,79,82,84,69,68,33,33
14550 DATA 33,10,13,0,229,205,216,145,225,192
14560 DATA 216,175,205,247,145,254,20,201,175,1
14570 DATA 50,0,205,73,146,203,127,200,245,197
14580 DATA 6,4,205,19,155,193,241,11,95,120
14590 DATA 177,123,32,234,55,6,2,5,201,62
14600 DATA 34,205,57,146,205,76,146,201,1,196
14610 DATA 9,205,73,146,203,103,200,197,245,6
14620 DATA 10,205,19,155,241,193,11,95,120,177
14630 DATA 123,32,234,245,205,112,157,241,205,235
14640 DATA 139,42,42,42,67,77,68,32,84,73
14650 DATA 77,69,79,85,84,42,42,42,10,13
14660 DATA 0,6,2,5,201,211,49,24,2,211
14670 DATA 48,197,213,229,205,0,146,225,209,193
14680 DATA 201,219,49,201,219,48,201,62,1,205
14690 DATA 57,146,205,76,146,230,15,201,62,5
14700 DATA 205,57,146,62,6,205,57,146,62,87
14710 DATA 205,61,146,205,76,146,254,168,201,245
14720 DATA 62,21,205,57,146,241,205,61,146,6
14730 DATA 4,205,19,155,205,247,145,254,21,200
14740 DATA 245,205,235,139,69,82,82,58,32,83
14750 DATA 69,84,85,83,66,77,79,68,69,10
14760 DATA 13,0,241,205,112,157,201,62,48,205
14770 DATA 57,146,205,202,145,216,200,201,62,49
14780 DATA 205,57,146,205,202,145,201,6,10,197
14790 DATA 205,111,146,32,16,205,159,146,32,11
14800 DATA 62,49,205,57,146,205,202,145,193,200
14810 DATA 197,6,100,205,38,155,193,16,226,6
14820 DATA 2,5,245,205,235,139,69,82,82,58
14830 DATA 32,77,79,85,78,84,32,68,73,83
14840 DATA 75,10,13,0,241,201,126,205,61,146
14850 DATA 192,126,183,200,35,24,245,62,99,211
14860 DATA 112,62,0,211,113,62,128,211,114,205
14870 DATA 9,147,201,197,1,0,32,219,116,95
14880 DATA 203,79,40,11,11,120,177,32,244,62
14890 DATA 116,205,210,139,123,193,201,205,9,147
14900 DATA 219,116,203,127,201,122,135,211,115,62
14910 DATA 144,211,116,205,33,147,32,35,120,177
14920 DATA 40,29,126,35,211,115,11,120,177,40
14930 DATA 11,62,16,211,116,205,33,147,32,13
14940 DATA 24,232,62,80,211,116,205,33,147,32
14950 DATA 2,175,201,95,121,183,192,61,201,122
14960 DATA 135,211,115,62,144,211,116,213,205,33
14970 DATA 147,209,32,235,123,211,115,62,16,211
14980 DATA 116,205,33,147,32,223,122,135,246,1
14990 DATA 211,115,62,144,211,116,205,33,147,32
15000 DATA 208,120,177,40,34,11,120,177,40,16
15010 DATA 62,32,211,116,205,9,147,219,115,119
15020 DATA 205,242,128,35,24,231,62,104,211,116
15030 DATA 205,9,147,219,115,119,205,242,128,175
15040 DATA 201,22,0,15,48,2,203,226,15,48
15050 DATA 2,203,234,15,48,2,203,242,15,48
15060 DATA 2,203,250,123,15,48,2,203,194,58
15070 DATA 127,0,178,87,203,210,122,205,223,147
15080 DATA 203,146,122,205,223,147,201,213,229,33
15090 DATA 203,0,119,22,39,1,1,0,205,41
15100 DATA 147,225,209,201,30,0,24,2,30,1
15110 DATA 87,123,15,56,7,15,48,4,30,0
15120 DATA 24,14,122,203,63,203,63,203,63,203
15130 DATA 63,213,205,177,147,209,122,230,15,205
15140 DATA 177,147,201,6,4,205,38,155,201,62
15150 DATA 3,30,2,205,246,147,205,23,148,62
15160 DATA 3,30,2,205,246,147,205,23,148,62
15170 DATA 3,30,2,205,246,147,205,23,148,62
15180 DATA 2,30,2,205,246,147,205,23,148,62
15190 DATA 40,205,240,147,62,2,50,125,0,205
15200 DATA 116,148,205,136,148,62,2,50,126,0
15210 DATA 246,4,205,240,147,205,23,148,205,11
15220 DATA 149,201,58,125,0,203,151,50,125,0
15230 DATA 246,8,205,240,147,201,58,125,0,203
15240 DATA 215,50,125,0,246,8,205,240,147,201
15250 DATA 6,5,205,38,155,201,62,1,205,240
15260 DATA 147,205,130,148,201,126,254,0,200,205
15270 DATA 244,147,35,24,246,205,244,147,201,62
15280 DATA 2,205,240,147,205,130,148,201,0,64
15290 DATA 20,84,6,0,75,33,168,148,9,126
15300 DATA 130,246,128,205,240,147,201,58,125,0
15310 DATA 203,143,50,125,0,246,8,205,240,147
15320 DATA 201,58,125,0,203,207,50,125,0,246
15330 DATA 8,205,240,147,201,58,125,0,203,135
15340 DATA 50,125,0,246,8,205,240,147,201,58
15350 DATA 125,0,203,199,50,125,0,246,8,205
15360 DATA 240,147,201,62,24,205,240,147,201,62
15370 DATA 28,205,240,147,201,62,16,205,240,147
15380 DATA 201,62,20,205,240,147,201,62,8,50
15390 DATA 127,0,205,223,147,201,62,0,50,127
15400 DATA 0,205,223,147,201,83,117,110,100,97
15410 DATA 121,0,77,111,110,100,97,121,0,84
15420 DATA 117,101,115,100,97,121,0,87,101,100
15430 DATA 110,101,115,100,97,121,0,84,104,117
15440 DATA 114,115,100,97,121,0,70,114,105,100
15450 DATA 97,121,0,83,97,116,117,114,100,97
15460 DATA 121,0,29,149,36,149,43,149,51,149
15470 DATA 61,149,70,149,77,149,82,84,67,32
15480 DATA 69,82,32,82,86,10,13,0,82,84
15490 DATA 67,32,69,82,32,83,68,10,13,0
15500 DATA 123,197,205,242,128,193,121,205,242,128
15510 DATA 33,112,149,205,225,139,201,121,205,242
15520 DATA 128,33,100,149,205,225,139,55,201,175
15530 DATA 6,20,33,203,0,119,35,16,252,201
15540 DATA 100,100,47,109,109,47,121,121,32,119
15550 DATA 32,104,104,58,109,109,58,115,115,33
15560 DATA 164,149,17,203,0,1,19,0,237,176
15570 DATA 205,153,149,201,33,203,0,22,104,30
15580 DATA 0,1,7,0,205,95,147,194,141,149
15590 DATA 175,201,17,203,0,175,18,19,33,220
15600 DATA 0,205,15,150,33,217,0,205,15,150
15610 DATA 33,214,0,205,15,150,33,212,0,205
15620 DATA 15,150,33,203,0,205,15,150,33,206
15630 DATA 0,205,15,150,33,209,0,205,15,150
15640 DATA 62,0,18,205,87,150,201,213,205,193
15650 DATA 156,209,205,99,155,125,18,19,201,17
15660 DATA 203,0,175,18,19,62,10,205,99,155
15670 DATA 125,18,19,62,34,205,99,155,125,18
15680 DATA 19,62,18,205,99,155,125,18,19,62
15690 DATA 5,18,19,62,18,205,99,155,125,18
15700 DATA 19,62,2,205,99,155,125,18,19,62
15710 DATA 21,205,99,155,125,18,19,175,18,33
15720 DATA 203,0,22,104,1,9,0,205,41,147
15730 DATA 194,124,149,201,33,203,0,229,62,7
15740 DATA 119,35,122,119,225,22,104,1,2,0
15750 DATA 205,41,147,194,124,149,201,205,202,155
15760 DATA 38,0,201,6,7,33,203,0,126,254
15770 DATA 255,40,5,35,16,248,175,201,55,201
15780 DATA 205,153,149,205,198,149,216,205,131,150
15790 DATA 216,221,33,203,0,17,203,0,38,0
15800 DATA 221,110,4,205,125,150,62,47,18,19
15810 DATA 221,110,5,205,125,150,62,47,18,19
15820 DATA 221,110,6,205,125,150,62,32,18,19
15830 DATA 221,110,2,205,125,150,62,58,18,19
15840 DATA 221,110,1,205,125,150,62,58,18,19
15850 DATA 221,110,0,205,125,150,19,175,18,201
15860 DATA 237,68,237,68,237,68,237,68,237,68
15870 DATA 237,68,237,68,237,68,201,211,56,205
15880 DATA 228,150,201,62,159,205,245,150,62,191
15890 DATA 205,245,150,62,223,205,245,150,62,255
15900 DATA 205,245,150,201,205,251,150,175,50,244
15910 DATA 0,175,33,224,0,119,84,93,19,1
15920 DATA 11,0,237,176,201,245,197,229,230,3
15930 DATA 7,7,7,7,7,246,128,71,125,230
15940 DATA 15,176,205,245,150,225,229,203,60,203
15950 DATA 29,203,60,203,29,203,60,203,29,203
15960 DATA 60,203,29,125,230,63,205,245,150,225
15970 DATA 193,241,201,245,197,62,2,14,0,205
15980 DATA 130,151,62,2,205,37,151,193,205,38
15990 DATA 155,62,2,14,4,205,130,151,241,201
16000 DATA 33,159,0,6,160,205,85,151,201,33
16010 DATA 53,0,6,60,205,85,151,201,245,197
16020 DATA 213,7,60,95,121,254,4,62,15,40
16030 DATA 9,62,1,12,13,40,3,7,24,250
16040 DATA 87,62,128,203,3,203,3,203,3,203
16050 DATA 3,178,179,205,245,150,209,193,241,201
16060 DATA 245,205,213,151,71,58,244,0,176,50
16070 DATA 244,0,241,14,4,205,130,151,201,245
16080 DATA 205,213,151,237,68,61,71,58,244,0
16090 DATA 160,50,244,0,241,14,0,205,130,151
16100 DATA 201,60,79,175,60,13,200,7,24,251
16110 DATA 253,33,224,0,221,33,232,0,14,0
16120 DATA 6,0,197,253,110,0,253,102,1,124
16130 DATA 181,40,6,205,11,152,193,4,197,193
16140 DATA 253,35,253,35,221,35,12,121,254,4
16150 DATA 32,226,120,183,201,221,126,0,183,40
16160 DATA 5,61,221,119,0,192,126,254,9,40
16170 DATA 38,95,35,229,102,107,89,121,14,0
16180 DATA 205,130,151,75,253,229,221,229,205,37
16190 DATA 151,221,225,253,225,225,35,126,221,119
16200 DATA 0,35,253,117,0,253,116,1,201,35
16210 DATA 126,35,254,9,40,9,254,8,40,19
16220 DATA 254,7,40,31,201,33,0,0,253,117
16230 DATA 0,253,116,1,121,205,138,152,201,121
16240 DATA 205,138,152,126,221,119,0,35,253,117
16250 DATA 0,253,116,1,201,126,35,229,71,121
16260 DATA 7,7,7,7,7,230,96,176,253,229
16270 DATA 221,229,205,245,150,221,225,253,225,225
16280 DATA 24,140,7,7,7,7,7,230,96,246
16290 DATA 4,195,245,150,254,225,200,254,240,200
16300 DATA 254,224,200,254,170,200,79,58,129,0
16310 DATA 254,225,40,35,254,240,40,89,254,224
16320 DATA 40,33,121,254,18,204,51,153,254,89
16330 DATA 204,51,153,254,20,204,60,153,254,17
16340 DATA 204,69,153,254,88,204,78,153,201,121
16350 DATA 254,240,200,175,201,121,254,107,200,254
16360 DATA 114,200,254,116,200,254,117,200,254,112
16370 DATA 200,254,108,200,254,125,200,254,122,200
16380 DATA 254,105,200,254,113,200,254,102,200,254
16390 DATA 90,200,254,17,200,254,20,200,254,74
16400 DATA 200,254,240,32,0,175,201,121,254,18
16410 DATA 204,33,153,254,20,204,39,153,254,17
16420 DATA 204,45,153,254,89,204,33,153,50,129
16430 DATA 0,175,201,33,128,0,203,182,201,33
16440 DATA 128,0,203,190,201,33,128,0,203,174
16450 DATA 201,33,128,0,62,64,174,119,175,201
16460 DATA 33,128,0,62,128,174,119,175,201,33
16470 DATA 128,0,62,32,174,119,175,201,33,128
16480 DATA 0,62,16,174,119,175,201,254,170,56
16490 DATA 2,175,201,33,147,153,87,205,141,153
16500 DATA 71,254,97,56,4,254,123,56,9,58
16510 DATA 128,0,203,119,120,200,24,15,58,128
16520 DATA 0,79,203,31,203,31,169,203,103,32
16530 DATA 2,120,201,122,33,61,154,205,141,153
16540 DATA 201,6,0,79,9,126,201,0,0,0
16550 DATA 165,0,0,0,0,0,0,168,166,0
16560 DATA 0,96,0,0,0,0,0,0,113,49
16570 DATA 0,0,0,122,115,97,119,50,0,0
16580 DATA 99,120,100,101,52,51,0,0,32,118
16590 DATA 102,116,114,53,0,0,110,98,104,103
16600 DATA 121,54,0,0,44,109,106,117,55,56
16610 DATA 0,0,44,107,105,111,48,57,0,0
16620 DATA 46,47,108,59,112,45,0,0,0,39
16630 DATA 0,91,61,0,0,0,0,13,93,0
16640 DATA 92,0,0,0,0,0,0,0,0,6
16650 DATA 0,0,8,0,4,9,0,0,0,1
16660 DATA 7,10,0,3,11,27,0,0,0,43
16670 DATA 45,42,57,0,0,0,0,0,167,0
16680 DATA 0,0,0,0,0,0,0,0,0,0
16690 DATA 0,0,0,0,0,0,0,0,0,0
16700 DATA 0,0,0,0,0,0,0,0,0,0
16710 DATA 0,0,0,0,0,0,0,0,0,0
16720 DATA 165,0,0,0,0,0,0,168,166,0
16730 DATA 0,126,0,0,0,0,0,0,81,33
16740 DATA 0,0,0,90,83,65,87,64,0,0
16750 DATA 67,88,68,69,36,35,0,0,32,86
16760 DATA 70,84,82,37,0,0,78,66,72,71
16770 DATA 89,94,0,0,34,77,74,85,38,42
16780 DATA 0,0,60,75,73,79,41,40,0,0
16790 DATA 62,63,76,58,80,95,0,0,0,34
16800 DATA 0,123,43,0,0,0,0,13,125,0
16810 DATA 124,0,0,0,0,0,0,0,0,6
16820 DATA 0,0,8,0,4,9,0,0,0,1
16830 DATA 7,10,0,3,11,27,0,0,0,43
16840 DATA 45,42,57,0,0,0,0,0,167,0
16850 DATA 0,0,0,0,0,0,0,0,0,0
16860 DATA 0,0,0,0,0,0,0,0,0,0
16870 DATA 0,0,0,0,0,0,0,0,0,0
16880 DATA 0,0,0,0,0,0,0,0,0,0
16890 DATA 0,0,0,0,0,0,0,0,0,0
16900 DATA 0,0,0,0,0,0,0,195,35,155
16910 DATA 0,20,19,18,18,17,16,16,13,13
16920 DATA 11,11,11,8,6,6,3,3,1,0
16930 DATA 0,219,128,33,254,154,95,22,0,25
16940 DATA 126,95,33,231,154,25,233,16,253,201
16950 DATA 197,6,190,205,19,155,193,16,247,201
16960 DATA 197,6,250,205,38,155,6,250,205,38
16970 DATA 155,6,250,205,38,155,6,250,205,38
16980 DATA 155,193,16,232,201,245,213,205,126,155
16990 DATA 209,205,164,155,241,201,183,71,230,240
17000 DATA 15,79,15,15,129,79,120,230,15,129
17010 DATA 201,38,255,36,214,100,48,251,198,100
17020 DATA 46,255,44,214,10,48,251,198,10,79
17030 DATA 125,7,7,7,7,177,111,201,1,0
17040 DATA 16,17,0,0,41,123,143,39,95,122
17050 DATA 143,39,87,121,143,39,79,16,241,235
17060 DATA 201,183,71,230,240,15,79,15,15,129
17070 DATA 79,120,230,15,129,201,121,205,209,155
17080 DATA 121,205,213,155,124,205,209,155,124,205
17090 DATA 213,155,125,205,209,155,125,24,26,31
17100 DATA 31,31,31,230,15,198,144,39,206,64
17110 DATA 39,18,19,201,125,205,187,155,125,24
17120 DATA 238,31,31,31,31,230,15,198,144,39
17130 DATA 206,64,39,18,19,201,38,0,111,30
17140 DATA 0,22,0,1,0,0,221,33,0,0
17150 DATA 34,195,0,237,83,197,0,237,67,199
17160 DATA 0,221,34,201,0,33,203,0,17,204
17170 DATA 0,54,32,1,18,0,237,176,237,67
17180 DATA 222,0,30,1,33,203,0,1,9,9
17190 DATA 175,5,40,41,43,182,40,249,13,23
17200 DATA 48,252,31,87,229,197,33,222,0,67
17210 DATA 203,18,126,143,39,119,43,16,249,48
17220 DATA 3,28,54,1,13,32,235,193,14,8
17230 DATA 225,43,86,16,225,33,223,0,75,183
17240 DATA 237,66,84,93,237,66,235,65,203,33
17250 DATA 62,48,237,111,254,48,32,6,13,19
17260 DATA 24,4,237,111,18,19,237,111,18,19
17270 DATA 35,16,245,237,66,201,235,33,203,0
17280 DATA 205,119,156,237,176,235,201,126,254,32
17290 DATA 192,35,24,249,6,8,111,203,21,31
17300 DATA 16,251,201,229,126,254,0,40,14,254
17310 DATA 48,56,6,254,58,56,9,254,57,246
17320 DATA 1,225,201,191,225,201,35,24,231,229
17330 DATA 126,254,0,40,20,254,48,56,12,254
17340 DATA 58,56,15,254,48,56,4,254,71,56
17350 DATA 7,246,1,225,201,191,225,201,35,24
17360 DATA 225,175,205,199,156,122,201,87,126,35
17370 DATA 214,58,198,10,208,95,122,135,135,130
17380 DATA 135,131,24,239,126,205,233,156,135,135
17390 DATA 135,135,87,35,126,205,233,156,178,35
17400 DATA 201,214,48,254,10,216,214,7,201,205
17410 DATA 216,156,71,205,216,156,79,201,126,35
17420 DATA 214,48,203,39,203,39,203,39,203,39
17430 DATA 71,126,35,214,48,176,201,79,205,26
17440 DATA 157,119,35,121,205,30,157,119,35,201
17450 DATA 31,31,31,31,246,240,39,198,160,206
17460 DATA 64,201,34,172,0,201,175,50,174,0
17470 DATA 50,172,0,50,173,0,201,58,172,0
17480 DATA 71,58,173,0,128,183,201,245,237,91
17490 DATA 172,0,235,58,174,0,79,6,0,9
17500 DATA 235,241,201,58,174,0,60,50,174,0
17510 DATA 201,205,63,157,205,79,157,126,18,35
17520 DATA 19,183,200,24,245,205,63,157,18,205
17530 DATA 79,157,19,175,18,201,38,0,111,245
17540 DATA 17,188,0,205,202,155,62,104,18,19
17550 DATA 175,18,33,188,0,205,225,139,205,65
17560 DATA 140,241,201,229,14,0,126,35,12,254
17570 DATA 0,32,249,13,225,121,184,200,120,145
17580 DATA 216,71,62,48,43,119,16,252,201,17
17590 DATA 240,0,126,18,254,0,200,19,35,24
17600 DATA 247,22,0,106,6,8,41,210,187,157
17610 DATA 25,16,249,201,33,0,0,87,89,25
17620 DATA 21,32,252,201,175,6,16,41,203,23
17630 DATA 187,56,2,147,44,16,246,201,0,0
17640 DATA 0,0,0,0,0,0,0,0,0,0
17650 DATA 0,0,0,0,0,0,0,0,0,0
17660 DATA 0,0,0,0,0,0,0,0,0,0
17670 DATA 0,0,0,0,0,0,0,0,0,0
17680 DATA 0,0,0,0,0,0,0,0,0,0
17690 DATA 0,0,0,0,0,0,0,0,0,0
17700 DATA 0,0,0,0,0,0,0,0,0,0
17710 DATA 0,0,0,0,0,0,0,0,0,0
17720 DATA 0,0,0,0,0,0,0,0,0,0
17730 DATA 0,0,0,0,0,0,0,0,0,0
17740 DATA 0,0,0,0,0,0,0,0,0,0
17750 DATA 0,0,0,0,0,0,0,0,0,0
17760 DATA 0,0,0,0,0,0,0,0,0,0
17770 DATA 0,0,0,0,0,0,0,0,0,0
17780 DATA 0,0,0,0,0,0,0,0,0,0
17790 DATA 0,0,0,0,0,0,0,0,0,0
17800 DATA 0,0,0,0,0,0,0,0,0,0
17810 DATA 0,0,0,0,0,0,0,0,0,0
17820 DATA 0,0,0,0,0,0,0,0,0,0
17830 DATA 0,0,0,0,0,0,0,0,0,0
17840 DATA 0,0,0,0,0,0,0,0,0,0
17850 DATA 0,0,0,0,0,0,0,0,0,0
17860 DATA 0,0,0,0,0,0,0,0,0,0
17870 DATA 0,0,0,0,0,0,0,0,0,0
17880 DATA 0,0,0,0,0,0,0,0,0,0
17890 DATA 0,0,0,0,0,0,0,0,0,0
17900 DATA 0,0,0,0,0,0,0,0,0,0
17910 DATA 0,0,0,0,0,0,0,0,0,0
17920 DATA 0,0,0,0,0,0,0,0,0,0
17930 DATA 0,0,0,0,0,0,0,0,0,0
17940 DATA 0,0,0,0,0,0,0,0,0,0
17950 DATA 0,0,0,0,0,0,0,0,0,0
17960 DATA 0,0,0,0,0,0,0,0,0,0
17970 DATA 0,0,0,0,0,0,0,0,0,0
17980 DATA 0,0,0,0,0,0,0,0,0,0
17990 DATA 0,0,0,0,0,0,0,0,0,0
18000 DATA 0,0,0,0,0,0,0,0,0,0
18010 DATA 0,0,0,0,0,0,0,0,0,0
18020 DATA 0,0,0,0,0,0,0,0,0,0
18030 DATA 0,0,0,0,0,0,0,0,0,0
18040 DATA 0,0,0,0,0,0,0,0,0,0
18050 DATA 0,0,0,0,0,0,0,0,0,0
18060 DATA 0,0,0,0,0,0,0,0,0,0
18070 DATA 0,0,0,0,0,0,0,0,0,0
18080 DATA 0,0,0,0,0,0,0,0,0,0
18090 DATA 0,0,0,0,0,0,0,0,0,0
18100 DATA 0,0,0,0,0,0,0,0,0,0
18110 DATA 0,0,0,0,0,0,0,0,0,0
18120 DATA 0,0,0,0,0,0,0,0,0,0
18130 DATA 0,0,0,0,0,0,0,0,0,0
18140 DATA 0,0,0,0,0,0,0,0,0,0
18150 DATA 0,0,0,0,0,0,0,0,0,0
18160 DATA 0,0,0,0,0,0,0,0,0,0
18170 DATA 0,0,0,0,0,0,0,0,0,0
18180 DATA 0,0,0,0,0,0,0,0,0,0
