10 Reserve top-122
20 For i=0 to 8191
30 Read a:poke 122+i,a
40 next i
50 ?"type CALL TOP to run your code."
100 END
10000 DATA 47,195,209,129,195,95,128,195,143,128
10010 DATA 195,147,128,195,169,128,195,45,130,195
10020 DATA 79,128,205,81,192,201,126,254,0,200
10030 DATA 229,205,22,128,225,35,24,244,225,205
10040 DATA 26,128,35,229,201,223,60,201,126,183
10050 DATA 200,223,60,35,24,248,126,183,200,254
10060 DATA 10,40,4,254,31,56,4,223,60,24
10070 DATA 5,229,205,1,129,225,35,24,233,71
10080 DATA 205,184,192,32,4,219,6,203,95,120
10090 DATA 22,160,203,182,201,213,197,221,229,229
10100 DATA 205,110,138,32,5,205,115,138,24,16
10110 DATA 205,136,192,254,254,32,9,33,60,0
10120 DATA 54,102,62,25,24,3,205,184,136,225
10130 DATA 221,225,193,209,254,0,192,203,182,35
10140 DATA 126,43,201,205,81,192,201,205,136,192
10150 DATA 201,229,197,205,107,201,193,225,201,229
10160 DATA 197,213,205,90,201,209,193,225,201,213
10170 DATA 245,197,229,33,122,0,53,126,183,40
10180 DATA 20,225,193,241,209,43,43,66,237,163
10190 DATA 221,229,221,225,0,0,126,126,32,244
10200 DATA 201,54,3,225,229,66,5,5,17,15
10210 DATA 0,25,175,17,123,0,18,19,18,213
10220 DATA 87,95,205,151,128,209,27,14,0,126
10230 DATA 203,127,40,6,245,121,18,241,203,191
10240 DATA 205,159,128,43,12,16,238,26,87,30
10250 DATA 0,205,107,201,195,181,128,245,38,0
10260 DATA 111,17,175,0,205,233,207,62,10,18
10270 DATA 19,62,13,18,19,175,18,33,175,0
10280 DATA 205,96,192,241,201,229,33,171,0,203
10290 DATA 214,33,36,0,203,214,225,24,18,229
10300 DATA 33,171,0,203,150,33,36,0,203,150
10310 DATA 225,24,4,175,211,7,201,229,33,171
10320 DATA 0,126,211,7,62,5,211,9,225,201
10330 DATA 92,67,72,83,69,84,52,46,67,72
10340 DATA 82,0,92,67,72,83,69,84,50,46
10350 DATA 67,72,82,0,6,2,62,8,205,13
10360 DATA 192,33,74,129,1,184,11,17,0,64
10370 DATA 205,236,195,48,1,118,33,86,129,1
10380 DATA 184,11,17,0,80,205,236,195,48,1
10390 DATA 118,62,14,6,2,205,13,192,201,21
10400 DATA 2,0,24,24,40,64,32,0,2,0
10410 DATA 0,0,0,10,0,0,0,255,0,171
10420 DATA 0,0,0,0,177,33,143,129,17,104
10430 DATA 2,1,26,0,237,176,33,92,0,54
10440 DATA 104,35,54,2,201,229,205,96,192,225
10450 DATA 17,244,0,26,213,205,239,132,205,61
10460 DATA 129,209,235,52,201,243,205,43,129,205
10470 DATA 98,129,205,169,129,205,175,132,33,244
10480 DATA 0,54,0,33,143,131,175,205,189,129
10490 DATA 205,29,129,62,1,205,56,192,33,216
10500 DATA 131,205,189,129,33,96,132,205,189,129
10510 DATA 205,104,138,33,109,132,205,189,129,205
10520 DATA 149,199,205,118,202,33,122,132,205,189
10530 DATA 129,205,220,200,33,127,131,205,80,201
10540 DATA 33,142,132,205,189,129,205,159,138,205
10550 DATA 133,136,33,122,0,54,5,33,7,132
10560 DATA 205,96,192,33,80,132,205,96,192,205
10570 DATA 71,201,33,143,131,205,80,201,33,96
10580 DATA 131,62,10,205,189,129,205,105,130,254
10590 DATA 85,204,214,130,254,88,202,185,130,254
10600 DATA 83,204,55,131,254,78,202,144,130,254
10610 DATA 68,204,28,131,195,45,130,175,205,184
10620 DATA 192,40,4,205,136,192,201,205,110,138
10630 DATA 32,241,205,115,138,183,202,105,130,201
10640 DATA 22,0,30,0,205,107,201,201,22,0
10650 DATA 30,1,205,107,201,201,33,224,0,62
10660 DATA 47,119,35,54,0,35,54,0,205,136
10670 DATA 130,33,79,131,205,80,201,205,136,201
10680 DATA 205,164,201,33,6,0,54,254,35,54
10690 DATA 127,175,211,224,195,21,160,205,71,201
10700 DATA 205,136,130,33,182,131,205,80,201,205
10710 DATA 128,130,62,5,205,239,132,17,169,0
10720 DATA 26,111,19,26,103,233,33,169,131,205
10730 DATA 136,130,205,80,201,205,136,192,111,205
10740 DATA 136,192,103,205,136,192,79,205,136,192
10750 DATA 71,17,169,0,125,18,19,124,18,254
10760 DATA 128,40,2,56,2,211,124,229,205,136
10770 DATA 192,119,35,11,120,177,32,246,211,125
10780 DATA 33,154,131,205,71,201,205,80,201,62
10790 DATA 5,205,239,132,225,201,205,136,192,111
10800 DATA 205,136,192,103,205,136,192,79,205,136
10810 DATA 192,71,126,205,81,192,35,11,120,177
10820 DATA 32,246,201,33,194,131,17,130,2,1
10830 DATA 21,0,237,176,33,194,131,17,194,2
10840 DATA 1,21,0,237,176,175,201,60,67,68
10850 DATA 69,83,80,32,50,48,50,50,45,50
10860 DATA 52,62,32,0,85,58,85,80,44,88
10870 DATA 58,82,85,78,44,83,58,68,73,83
10880 DATA 80,44,78,58,78,66,82,79,77,44
10890 DATA 68,58,68,78,0,76,67,68,32,73
10900 DATA 78,73,84,73,65,76,73,90,69,68
10910 DATA 0,87,65,73,84,73,78,71,46,46
10920 DATA 46,0,80,82,71,32,84,82,65,78
10930 DATA 83,70,69,82,69,68,0,82,69,67
10940 DATA 69,73,86,73,78,71,46,46,46,0
10950 DATA 80,82,71,32,69,88,69,67,85,84
10960 DATA 69,0,78,69,87,66,82,65,73,78
10970 DATA 32,83,67,82,69,69,78,32,82,69
10980 DATA 65,68,89,0,78,69,87,66,82,65
10990 DATA 73,78,32,72,65,82,68,87,65,82
11000 DATA 69,32,69,77,85,76,65,84,79,82
11010 DATA 10,13,0,67,68,101,115,112,32,50
11020 DATA 48,50,50,45,50,48,50,52,10,13
11030 DATA 0,85,58,85,80,44,88,58,82,85
11040 DATA 78,44,83,58,68,73,83,80,44,78
11050 DATA 58,78,66,82,79,77,44,68,58,68
11060 DATA 78,10,13,0,78,69,87,66,82,65
11070 DATA 73,78,32,66,79,79,84,69,68,32
11080 DATA 79,75,10,13,0,67,76,69,65,82
11090 DATA 73,78,71,32,83,67,82,69,69,78
11100 DATA 46,10,13,0,10,13,87,65,73,84
11110 DATA 73,78,71,46,46,46,10,13,0,0
11120 DATA 10,13,82,83,50,51,50,32,79,75
11130 DATA 10,13,0,75,69,89,66,79,82,68
11140 DATA 32,79,75,10,13,0,73,50,67,32
11150 DATA 79,75,10,13,0,83,79,85,78,68
11160 DATA 32,79,75,10,13,0,76,67,68,32
11170 DATA 49,54,120,50,32,79,75,10,13,0
11180 DATA 229,245,33,16,133,205,242,132,241,225
11190 DATA 201,175,33,29,134,205,239,132,201,6
11200 DATA 25,175,197,205,156,132,60,193,16,248
11210 DATA 205,167,132,201,245,6,8,203,7,245
11220 DATA 62,0,48,2,62,1,198,48,205,213
11230 DATA 132,28,241,16,238,241,201,229,213,245
11240 DATA 197,33,130,2,66,213,17,64,0,25
11250 DATA 16,253,209,67,35,16,253,119,193,241
11260 DATA 209,225,201,205,156,132,229,33,130,2
11270 DATA 183,40,7,71,17,64,0,25,16,253
11280 DATA 235,225,126,183,40,9,254,31,56,2
11290 DATA 18,19,35,24,243,201,32,32,32,32
11300 DATA 32,32,32,32,32,32,32,32,32,32
11310 DATA 32,32,32,32,32,32,32,32,32,32
11320 DATA 32,32,32,32,32,32,32,32,32,32
11330 DATA 32,32,32,32,32,32,32,32,32,32
11340 DATA 32,32,32,32,32,32,32,32,32,32
11350 DATA 32,32,32,32,32,32,32,32,32,32
11360 DATA 32,32,32,32,32,32,32,32,32,32
11370 DATA 32,32,32,32,32,32,32,32,32,32
11380 DATA 32,32,32,32,32,0,32,32,32,32
11390 DATA 32,32,32,32,32,32,32,32,32,32
11400 DATA 32,32,32,32,32,32,32,32,32,32
11410 DATA 32,32,32,32,32,32,32,32,32,32
11420 DATA 32,32,32,32,32,32,32,32,32,32
11430 DATA 32,32,32,32,32,32,32,32,32,32
11440 DATA 32,32,32,32,32,32,32,32,32,32
11450 DATA 32,32,32,32,32,32,32,32,32,32
11460 DATA 32,32,32,32,32,32,32,32,32,32
11470 DATA 32,32,32,32,32,32,32,32,32,32
11480 DATA 32,32,32,32,32,32,32,32,32,32
11490 DATA 32,32,32,32,32,32,32,32,32,32
11500 DATA 32,32,32,32,32,32,32,32,32,32
11510 DATA 32,32,32,32,32,32,32,32,32,32
11520 DATA 32,32,32,32,32,32,32,32,32,32
11530 DATA 32,32,32,32,32,32,32,32,32,32
11540 DATA 32,32,32,32,32,32,32,32,32,32
11550 DATA 32,32,32,32,32,32,32,32,32,32
11560 DATA 32,32,32,32,0,83,67,82,69,69
11570 DATA 78,32,82,69,65,68,89,33,33,33
11580 DATA 0,4,5,4,16,42,10,197,1,1
11590 DATA 0,231,55,193,216,114,175,71,79,201
11600 DATA 243,33,36,0,203,134,126,211,7,62
11610 DATA 1,211,36,205,107,134,175,211,36,219
11620 DATA 32,205,72,229,251,183,201,79,243,205
11630 DATA 28,226,121,205,7,128,205,72,229,251
11640 DATA 43,183,201,33,0,100,219,37,31,216
11650 DATA 16,250,219,37,31,216,45,219,37,31
11660 DATA 216,194,110,134,219,37,31,216,37,219
11670 DATA 37,31,216,194,110,134,241,62,200,55
11680 DATA 201,4,24,27,135,243,106,17,240,0
11690 DATA 237,176,201,229,126,183,40,6,231,47
11700 DATA 119,35,24,246,225,201,62,0,24,2
11710 DATA 62,1,229,197,245,1,16,2,231,55
11720 DATA 209,193,56,65,229,122,119,35,54,0
11730 DATA 35,54,0,35,54,0,35,54,0,35
11740 DATA 229,197,1,20,0,9,193,54,0,35
11750 DATA 54,0,209,221,225,225,213,237,176,175
11760 DATA 18,225,205,157,134,221,126,0,254,0
11770 DATA 32,15,1,0,0,19,243,205,143,193
11780 DATA 205,236,195,251,62,150,216,175,201,225
11790 DATA 55,201,126,254,1,32,18,221,229,229
11800 DATA 221,225,1,5,0,9,221,78,3,221
11810 DATA 70,4,205,183,135,175,71,79,201,221
11820 DATA 229,205,35,135,221,225,201,126,254,0
11830 DATA 62,155,55,192,205,226,135,35,229,78
11840 DATA 35,70,35,94,35,86,35,62,151,218
11850 DATA 253,134,40,14,1,22,0,9,25,126
11860 DATA 225,35,35,19,115,35,114,201,229,209
11870 DATA 235,197,1,22,0,9,193,235,213,243
11880 DATA 205,143,193,205,108,196,251,209,62,152
11890 DATA 218,253,134,225,213,235,26,111,19,26
11900 DATA 103,9,235,114,43,115,35,35,62,1
11910 DATA 119,35,175,119,35,197,1,20,0,9
11920 DATA 193,113,35,112,209,175,26,201,221,229
11930 DATA 229,221,225,87,126,254,0,62,155,55
11940 DATA 40,71,122,1,5,0,9,221,229,209
11950 DATA 235,1,27,0,9,221,78,3,221,70
11960 DATA 4,9,235,18,121,254,243,32,37,120
11970 DATA 254,1,32,32,3,235,221,229,225,197
11980 DATA 1,27,0,9,193,235,205,143,193,205
11990 DATA 198,197,62,150,56,6,62,153,55,32
12000 DATA 1,175,1,0,0,22,3,221,113,3
12010 DATA 221,112,4,221,225,254,0,201,221,229
12020 DATA 213,197,229,221,225,221,94,3,221,86
12030 DATA 4,221,78,25,221,70,26,120,177,62
12040 DATA 3,40,28,235,183,237,66,124,181,235
12050 DATA 62,1,32,17,120,214,1,32,9,121
12060 DATA 214,244,32,4,62,2,24,3,62,151
12070 DATA 55,193,209,221,225,201,229,197,213,205
12080 DATA 131,208,33,203,0,205,23,209,205,96
12090 DATA 192,209,193,225,201,229,197,213,245,205
12100 DATA 28,136,213,197,205,38,128,32,72,76
12110 DATA 10,13,0,193,209,213,225,205,28,136
12120 DATA 213,197,205,38,128,32,68,69,10,13
12130 DATA 0,193,209,197,225,205,28,136,213,197
12140 DATA 205,38,128,32,66,67,10,13,0,193
12150 DATA 209,241,209,193,225,201,245,229,213,197
12160 DATA 175,18,213,225,19,1,243,1,237,176
12170 DATA 193,209,225,241,201,4,42,45,153,5
12180 DATA 124,33,88,0,17,149,136,115,35,114
12190 DATA 33,19,0,62,1,119,201,17,131,230
12200 DATA 238,237,244,237,80,230,117,230,54,161
12210 DATA 26,161,31,228,60,228,47,228,25,228
12220 DATA 150,165,145,134,145,134,145,134,145,134
12230 DATA 45,134,254,0,200,205,95,137,201,33
12240 DATA 221,136,6,0,79,9,126,254,0,200
12250 DATA 33,128,0,203,110,40,4,6,192,24
12260 DATA 6,79,126,230,192,71,121,176,201,0
12270 DATA 0,0,0,0,0,0,0,0,0,0
12280 DATA 0,0,164,0,0,0,0,0,0,0
12290 DATA 14,9,0,0,0,60,45,46,13,8
12300 DATA 0,0,58,59,44,12,6,7,0,0
12310 DATA 15,57,43,10,11,5,0,0,52,56
12320 DATA 41,42,37,4,0,0,0,53,51,35
12330 DATA 3,19,0,0,54,62,36,38,21,20
12340 DATA 0,0,55,47,39,40,26,28,0,0
12350 DATA 0,67,0,86,27,0,0,0,0,30
12360 DATA 0,0,0,0,0,0,0,0,0,0
12370 DATA 0,64,0,0,154,0,2,63,0,0
12380 DATA 0,61,165,34,0,18,50,31,25,0
12390 DATA 29,7,28,24,20,0,0,0,0,33
12400 DATA 104,137,6,0,79,9,126,201,0,61
12410 DATA 82,18,2,0,64,0,64,155,34,50
12420 DATA 0,30,0,0,0,0,0,0,0,0
12430 DATA 0,0,0,0,0,31,156,157,0,0
12440 DATA 15,73,72,71,70,69,0,67,22,23
12450 DATA 24,29,54,28,55,47,21,9,8,7
12460 DATA 6,5,4,3,19,20,104,40,118,27
12470 DATA 119,111,0,110,120,122,108,76,107,106
12480 DATA 105,100,115,126,103,117,116,102,90,78
12490 DATA 75,109,74,99,121,77,123,101,124,86
12500 DATA 92,87,93,0,0,46,56,58,44,12
12510 DATA 43,42,41,36,51,62,39,53,52,38
12520 DATA 26,14,11,45,10,35,57,13,59,37
12530 DATA 60,0,0,0,0,0,0,0,0,0
12540 DATA 0,0,0,0,0,0,0,0,0,0
12550 DATA 0,0,0,0,0,0,0,0,0,0
12560 DATA 0,0,0,0,0,0,0,0,0,0
12570 DATA 0,0,0,0,0,0,0,0,0,0
12580 DATA 0,0,0,0,0,0,0,0,0,0
12590 DATA 0,0,0,0,0,0,0,0,0,0
12600 DATA 0,0,0,0,0,0,0,0,0,0
12610 DATA 0,0,0,0,0,0,0,0,0,0
12620 DATA 0,0,0,0,0,0,0,0,0,0
12630 DATA 0,0,0,0,0,0,0,0,0,0
12640 DATA 0,0,0,0,0,0,0,0,0,0
12650 DATA 0,0,0,0,0,0,0,0,0,0
12660 DATA 0,0,0,0,33,128,0,54,0,201
12670 DATA 219,6,254,56,201,205,127,138,183,200
12680 DATA 50,129,0,205,247,205,201,205,136,138
12690 DATA 183,200,205,54,205,201,243,219,72,79
12700 DATA 205,151,138,121,251,201,62,2,211,72
12710 DATA 201,175,211,72,211,72,211,72,201,62
12720 DATA 3,211,224,33,249,162,54,205,17,60
12730 DATA 139,35,115,35,114,33,133,164,54,195
12740 DATA 17,32,139,35,115,35,114,33,241,233
12750 DATA 54,205,17,130,140,35,115,35,114,33
12760 DATA 215,236,54,205,17,136,140,35,115,35
12770 DATA 114,33,223,236,54,205,17,142,140,35
12780 DATA 115,35,114,33,230,235,54,195,17,149
12790 DATA 140,35,115,35,114,33,186,177,54,195
12800 DATA 17,192,140,35,115,35,114,33,179,167
12810 DATA 54,195,17,209,140,35,115,35,114,33
12820 DATA 86,173,54,205,17,202,140,35,115,35
12830 DATA 114,33,96,166,54,205,17,226,140,35
12840 DATA 115,35,114,62,1,211,224,201,1,20
12850 DATA 221,250,53,195,1,0,222,254,86,218
12860 DATA 53,195,1,67,164,254,98,218,53,195
12870 DATA 1,61,139,195,53,195,245,221,229,253
12880 DATA 229,213,33,203,139,205,212,162,212,85
12890 DATA 139,209,253,225,221,225,241,33,90,163
12900 DATA 201,33,206,139,205,212,162,216,97,46
12910 DATA 177,215,1,5,40,6,13,32,9,223
12920 DATA 24,201,216,62,178,195,133,202,13,32
12930 DATA 21,197,223,22,193,216,62,180,215,87
12940 DATA 5,40,4,223,64,24,240,62,178,195
12950 DATA 133,202,13,192,197,223,22,193,216,62
12960 DATA 182,215,87,5,40,4,223,64,24,240
12970 DATA 62,178,195,133,202,171,139,187,139,194
12980 DATA 139,197,139,194,139,200,139,126,183,40
12990 DATA 52,61,40,73,61,202,73,140,61,202
13000 DATA 73,140,201,205,160,209,205,140,197,201
13010 DATA 195,73,140,195,85,140,195,81,140,1
13020 DATA 79,211,4,68,73,210,0,1,67,196
13030 DATA 1,2,67,79,204,2,3,71,67,79
13040 DATA 204,3,3,215,57,17,13,45,45,45
13050 DATA 91,68,73,82,32,73,78,70,79,93
13060 DATA 45,45,13,205,93,193,201,205,54,220
13070 DATA 205,12,194,56,9,62,150,40,5,205
13080 DATA 174,193,24,15,229,245,215,57,5,69
13090 DATA 82,82,95,82,241,205,1,129,225,245
13100 DATA 84,93,26,254,0,62,0,18,19,32
13110 DATA 247,6,4,18,19,16,252,229,213,33
13120 DATA 224,0,126,183,40,5,223,60,35,24
13130 DATA 247,35,126,183,32,242,209,225,235,205
13140 DATA 140,197,241,175,201,229,17,175,0,18
13150 DATA 195,242,193,14,2,24,2,14,1,229
13160 DATA 205,54,220,35,235,33,175,0,52,126
13170 DATA 35,254,1,40,9,126,235,70,205,117
13180 DATA 140,195,242,193,235,126,18,24,248,203
13190 DATA 39,203,39,203,39,203,39,176,65,211
13200 DATA 64,201,221,126,14,24,32,201,221,126
13210 DATA 6,24,26,201,54,32,205,167,140,35
13220 DATA 201,229,20,21,32,6,33,255,255,205
13230 DATA 167,140,225,229,213,197,195,233,235,245
13240 DATA 229,213,197,17,130,2,183,237,82,17
13250 DATA 0,0,25,68,125,14,65,237,121,193
13260 DATA 209,225,241,201,202,190,177,205,4,141
13270 DATA 207,195,189,177,121,205,4,141,207,119
13280 DATA 201,229,197,237,176,193,225,3,205,245
13290 DATA 140,35,11,120,177,32,247,201,229,197
13300 DATA 27,237,184,193,225,3,3,205,167,140
13310 DATA 43,11,120,177,32,247,201,245,197,68
13320 DATA 125,14,66,237,121,14,68,237,121,193
13330 DATA 241,201,245,197,229,213,87,14,0,203
13340 DATA 63,56,3,12,24,249,65,17,130,2
13350 DATA 183,237,82,41,41,203,56,88,22,0
13360 DATA 25,17,0,0,25,121,230,1,87,122
13370 DATA 183,40,4,14,66,24,2,14,68,68
13380 DATA 125,237,121,209,225,193,241,201,0,0
13390 DATA 0,0,0,0,0,0,0,0,0,0
13400 DATA 0,0,0,0,0,0,0,0,0,0
13410 DATA 0,0,0,0,0,0,0,0,0,0
13420 DATA 0,0,0,0,0,0,0,0,0,0
13430 DATA 0,0,0,0,0,0,0,0,0,0
13440 DATA 0,0,0,0,0,0,0,0,0,0
13450 DATA 0,0,0,0,0,0,0,0,0,0
13460 DATA 0,0,0,0,0,0,0,0,0,0
13470 DATA 0,0,0,0,0,0,0,0,0,0
13480 DATA 0,0,0,0,0,0,0,0,0,0
13490 DATA 0,0,0,0,0,0,0,0,0,0
13500 DATA 0,0,0,0,0,0,0,0,0,0
13510 DATA 0,0,0,0,0,0,0,0,0,0
13520 DATA 0,0,0,0,0,0,0,0,0,0
13530 DATA 0,0,0,0,0,0,0,0,0,0
13540 DATA 0,0,0,0,0,0,0,0,0,0
13550 DATA 0,0,0,0,0,0,0,0,0,0
13560 DATA 0,0,0,0,0,0,0,0,0,0
13570 DATA 0,0,0,0,0,0,0,0,0,0
13580 DATA 0,0,0,0,0,0,0,0,0,0
13590 DATA 0,0,0,0,0,0,0,0,0,0
13600 DATA 0,0,0,0,0,0,0,0,0,0
13610 DATA 0,0,0,0,0,0,0,0,0,0
13620 DATA 0,0,0,0,0,0,0,0,0,0
13630 DATA 0,0,0,0,0,0,0,0,0,0
13640 DATA 0,0,0,0,0,0,0,0,0,0
13650 DATA 0,0,0,0,0,0,0,0,0,0
13660 DATA 0,0,0,0,0,0,0,0,0,0
13670 DATA 0,0,0,0,0,0,0,0,0,0
13680 DATA 0,0,0,0,0,0,0,0,0,0
13690 DATA 0,0,0,0,0,0,0,0,0,0
13700 DATA 0,0,0,0,0,0,0,0,0,0
13710 DATA 0,0,0,0,0,0,0,0,0,0
13720 DATA 0,0,0,0,0,0,0,0,0,0
13730 DATA 0,0,0,0,0,0,0,0,0,0
13740 DATA 0,0,0,0,0,0,0,0,0,0
13750 DATA 0,0,0,0,0,0,0,0,0,0
13760 DATA 0,0,0,0,0,0,0,0,0,0
13770 DATA 0,0,0,0,0,0,0,0,0,0
13780 DATA 0,0,0,0,0,0,0,0,0,0
13790 DATA 0,0,0,0,0,0,0,0,0,0
13800 DATA 0,0,0,0,0,0,0,0,0,0
13810 DATA 0,0,0,0,0,0,0,0,0,0
13820 DATA 0,0,0,0,0,0,0,0,0,0
13830 DATA 0,0,0,0,0,0,0,0,0,0
13840 DATA 0,0,0,0,0,0,0,0,0,0
13850 DATA 0,0,0,0,0,0,0,0,0,0
13860 DATA 0,0,0,0,0,0,0,0,0,0
13870 DATA 0,0,0,0,0,0,0,0,0,0
13880 DATA 0,0,0,0,0,0,0,0,0,0
13890 DATA 0,0,0,0,0,0,0,0,0,0
13900 DATA 0,0,0,0,0,0,0,0,0,0
13910 DATA 0,0,0,0,0,0,0,0,0,0
13920 DATA 0,0,0,0,0,0,0,0,0,0
13930 DATA 0,0,0,0,0,0,0,0,0,0
13940 DATA 0,0,0,0,0,0,0,0,0,0
13950 DATA 0,0,0,0,0,0,0,0,0,0
13960 DATA 0,0,0,0,0,0,0,0,0,0
13970 DATA 0,0,0,0,0,0,0,0,0,0
13980 DATA 0,0,0,0,0,0,0,0,0,0
13990 DATA 0,0,0,0,0,0,0,0,0,0
14000 DATA 0,0,0,0,0,0,0,0,0,0
14010 DATA 0,0,0,0,0,0,0,0,0,0
14020 DATA 0,0,0,0,0,0,0,0,0,0
14030 DATA 0,0,0,0,0,0,0,0,0,0
14040 DATA 0,0,0,0,0,0,0,0,0,0
14050 DATA 0,0,0,0,0,0,0,0,0,0
14060 DATA 0,0,0,0,0,0,0,0,0,0
14070 DATA 0,0,0,0,0,0,0,0,0,0
14080 DATA 0,0,0,0,0,0,0,0,0,0
14090 DATA 0,0,0,0,0,0,0,0,0,0
14100 DATA 0,0,0,0,0,0,0,0,0,0
14110 DATA 0,0,0,0,0,0,0,0,0,0
14120 DATA 0,0,0,0,0,0,0,0,0,0
14130 DATA 0,0,0,0,0,0,0,0,0,0
14140 DATA 0,0,0,0,0,0,0,0,0,0
14150 DATA 0,0,0,0,0,0,0,0,0,0
14160 DATA 0,0,0,0,0,0,0,0,0,0
14170 DATA 0,0,0,0,0,0,0,0,0,0
14180 DATA 0,0,0,0,0,0,0,0,0,0
14190 DATA 0,0,0,0,0,0,0,0,0,0
14200 DATA 0,0,0,0,0,0,0,0,0,0
14210 DATA 0,0,0,0,0,0,0,0,0,0
14220 DATA 0,0,0,0,0,0,0,0,0,0
14230 DATA 0,0,0,0,0,0,0,0,0,0
14240 DATA 0,0,0,0,0,0,0,0,0,0
14250 DATA 0,0,0,0,0,0,0,0,0,0
14260 DATA 0,0,0,0,0,0,0,0,0,0
14270 DATA 0,0,0,0,0,0,0,0,0,0
14280 DATA 0,0,0,0,0,0,0,0,0,0
14290 DATA 0,0,0,0,0,0,0,0,0,0
14300 DATA 0,0,0,0,0,0,0,0,0,0
14310 DATA 0,0,0,0,0,0,0,0,0,0
14320 DATA 0,0,0,0,0,0,0,0,0,0
14330 DATA 0,0,0,0,0,0,0,0,0,0
14340 DATA 0,0,0,0,0,0,0,0,0,0
14350 DATA 0,0,0,0,0,0,0,0,0,0
14360 DATA 0,0,0,0,0,0,0,0,0,0
14370 DATA 0,0,0,0,0,0,0,0,0,0
14380 DATA 0,0,0,0,0,0,0,0,0,0
14390 DATA 0,0,0,0,0,0,0,0,0,0
14400 DATA 0,0,0,0,0,0,0,0,0,0
14410 DATA 0,0,0,0,0,0,0,0,0,0
14420 DATA 0,0,0,0,0,0,0,0,0,0
14430 DATA 0,0,0,0,0,0,0,0,0,0
14440 DATA 0,0,0,0,0,0,0,0,0,0
14450 DATA 0,0,0,0,0,0,0,0,0,0
14460 DATA 0,0,0,0,0,0,0,0,0,0
14470 DATA 0,0,0,0,0,0,0,0,0,0
14480 DATA 0,0,0,0,0,0,0,0,0,0
14490 DATA 0,0,0,0,0,0,0,0,0,0
14500 DATA 0,0,0,0,0,0,0,0,0,0
14510 DATA 0,0,0,0,0,0,0,0,0,0
14520 DATA 0,0,0,0,0,0,0,0,0,0
14530 DATA 0,0,0,0,0,0,0,0,0,0
14540 DATA 0,0,0,0,0,0,0,0,0,0
14550 DATA 0,0,0,0,0,0,0,0,0,0
14560 DATA 0,0,0,0,0,0,0,0,0,0
14570 DATA 0,0,0,0,0,0,0,0,0,0
14580 DATA 0,0,0,0,0,0,0,0,0,0
14590 DATA 0,0,0,0,0,0,0,0,0,0
14600 DATA 0,0,0,0,0,0,0,0,0,0
14610 DATA 0,0,0,0,0,0,0,0,0,0
14620 DATA 0,0,0,0,0,0,0,0,0,0
14630 DATA 0,0,0,0,0,0,0,0,0,0
14640 DATA 0,0,0,0,0,0,0,0,0,0
14650 DATA 0,0,0,0,0,0,0,0,0,0
14660 DATA 0,0,0,0,0,0,0,0,0,0
14670 DATA 0,0,0,0,0,0,0,0,0,0
14680 DATA 0,0,0,0,0,0,0,0,0,0
14690 DATA 0,0,0,0,0,0,0,0,0,0
14700 DATA 0,0,0,0,0,0,0,0,0,0
14710 DATA 0,0,0,0,0,0,0,0,0,0
14720 DATA 0,0,0,0,0,0,0,0,0,0
14730 DATA 0,0,0,0,0,0,0,0,0,0
14740 DATA 0,0,0,0,0,0,0,0,0,0
14750 DATA 0,0,0,0,0,0,0,0,0,0
14760 DATA 0,0,0,0,0,0,0,0,0,0
14770 DATA 0,0,0,0,0,0,0,0,0,0
14780 DATA 0,0,0,0,0,0,0,0,0,0
14790 DATA 0,0,0,0,0,0,0,0,0,0
14800 DATA 0,0,0,0,0,0,0,0,0,0
14810 DATA 0,0,0,0,0,0,0,0,0,0
14820 DATA 0,0,0,0,0,0,0,0,0,0
14830 DATA 0,0,0,0,0,0,0,0,0,0
14840 DATA 0,0,0,0,0,0,0,0,0,0
14850 DATA 0,0,0,0,0,0,0,0,0,0
14860 DATA 0,0,0,0,0,0,0,0,0,0
14870 DATA 0,0,0,0,0,0,0,0,0,0
14880 DATA 0,0,0,0,0,0,0,0,0,0
14890 DATA 0,0,0,0,0,0,0,0,0,0
14900 DATA 0,0,0,0,0,0,0,0,0,0
14910 DATA 0,0,0,0,0,0,0,0,0,0
14920 DATA 0,0,0,0,0,0,0,0,0,0
14930 DATA 0,0,0,0,0,0,0,0,0,0
14940 DATA 0,0,0,0,0,0,0,0,0,0
14950 DATA 0,0,0,0,0,0,0,0,0,0
14960 DATA 0,0,0,0,0,0,0,0,0,0
14970 DATA 0,0,0,0,0,0,0,0,0,0
14980 DATA 0,0,0,0,0,0,0,0,0,0
14990 DATA 0,0,0,0,0,0,0,0,0,0
15000 DATA 0,0,0,0,0,0,0,0,0,0
15010 DATA 0,0,0,0,0,0,0,0,0,0
15020 DATA 0,0,0,0,0,0,0,0,0,0
15030 DATA 0,0,0,0,0,0,0,0,0,0
15040 DATA 0,0,0,0,0,0,0,0,0,0
15050 DATA 0,0,0,0,0,0,0,0,0,0
15060 DATA 0,0,0,0,0,0,0,0,0,0
15070 DATA 0,0,0,0,0,0,0,0,0,0
15080 DATA 0,0,0,0,0,0,0,0,0,0
15090 DATA 0,0,0,0,0,0,0,0,0,0
15100 DATA 0,0,0,0,0,0,0,0,0,0
15110 DATA 0,0,0,0,0,0,0,0,0,0
15120 DATA 0,0,0,0,0,0,0,0,0,0
15130 DATA 0,0,0,0,0,0,0,0,0,0
15140 DATA 0,0,0,0,0,0,0,0,0,0
15150 DATA 0,0,0,0,0,0,0,0,0,0
15160 DATA 0,0,0,0,0,0,0,0,0,0
15170 DATA 0,0,0,0,0,0,0,0,0,0
15180 DATA 0,0,0,0,0,0,0,0,0,0
15190 DATA 0,0,0,0,0,0,0,0,0,0
15200 DATA 0,0,0,0,0,0,0,0,0,0
15210 DATA 0,0,0,0,0,0,0,0,0,0
15220 DATA 0,0,0,0,0,0,0,0,0,0
15230 DATA 0,0,0,0,0,0,0,0,0,0
15240 DATA 0,0,0,0,0,0,0,0,0,0
15250 DATA 0,0,0,0,0,0,0,0,0,0
15260 DATA 0,0,0,0,0,0,0,0,0,0
15270 DATA 0,0,0,0,0,0,0,0,0,0
15280 DATA 0,0,0,0,0,0,0,0,0,0
15290 DATA 0,0,0,0,0,0,0,0,0,0
15300 DATA 0,0,0,0,0,0,0,0,0,0
15310 DATA 0,0,0,0,0,0,0,0,0,0
15320 DATA 0,0,0,0,0,0,0,0,0,0
15330 DATA 0,0,0,0,0,0,0,0,0,0
15340 DATA 0,0,0,0,0,0,0,0,0,0
15350 DATA 0,0,0,0,0,0,0,0,0,0
15360 DATA 0,0,0,0,0,0,0,0,0,0
15370 DATA 0,0,0,0,0,0,0,0,0,0
15380 DATA 0,0,0,0,0,0,0,0,0,0
15390 DATA 0,0,0,0,0,0,0,0,0,0
15400 DATA 0,0,0,0,0,0,0,0,0,0
15410 DATA 0,0,0,0,0,0,0,0,0,0
15420 DATA 0,0,0,0,0,0,0,0,0,0
15430 DATA 0,0,0,0,0,0,0,0,0,0
15440 DATA 0,0,0,0,0,0,0,0,0,0
15450 DATA 0,0,0,0,0,0,0,0,0,0
15460 DATA 0,0,0,0,0,0,0,0,0,0
15470 DATA 0,0,0,0,0,0,0,0,0,0
15480 DATA 0,0,0,0,0,0,0,0,0,0
15490 DATA 0,0,0,0,0,0,0,0,0,0
15500 DATA 0,0,0,0,0,0,0,0,0,0
15510 DATA 0,0,0,0,0,0,0,0,0,0
15520 DATA 0,0,0,0,0,0,0,0,0,0
15530 DATA 0,0,0,0,0,0,0,0,0,0
15540 DATA 0,0,0,0,0,0,0,0,0,0
15550 DATA 0,0,0,0,0,0,0,0,0,0
15560 DATA 0,0,0,0,0,0,0,0,0,0
15570 DATA 0,0,0,0,0,0,0,0,0,0
15580 DATA 0,0,0,0,0,0,0,0,0,0
15590 DATA 0,0,0,0,0,0,0,0,0,0
15600 DATA 0,0,0,0,0,0,0,0,0,0
15610 DATA 0,0,0,0,0,0,0,0,0,0
15620 DATA 0,0,0,0,0,0,0,0,0,0
15630 DATA 0,0,0,0,0,0,0,0,0,0
15640 DATA 0,0,0,0,0,0,0,0,0,0
15650 DATA 0,0,0,0,0,0,0,0,0,0
15660 DATA 0,0,0,0,0,0,0,0,0,0
15670 DATA 0,0,0,0,0,0,0,0,0,0
15680 DATA 0,0,0,0,0,0,0,0,0,0
15690 DATA 0,0,0,0,0,0,0,0,0,0
15700 DATA 0,0,0,0,0,0,0,0,0,0
15710 DATA 0,0,0,0,0,0,0,0,0,0
15720 DATA 0,0,0,0,0,0,0,0,0,0
15730 DATA 0,0,0,0,0,0,0,0,0,0
15740 DATA 0,0,0,0,0,0,0,0,0,0
15750 DATA 0,0,0,0,0,0,0,0,0,0
15760 DATA 0,0,0,0,0,0,0,0,0,0
15770 DATA 0,0,0,0,0,0,0,0,0,0
15780 DATA 0,0,0,0,0,0,0,0,0,0
15790 DATA 0,0,0,0,0,0,0,0,0,0
15800 DATA 0,0,0,0,0,0,0,0,0,0
15810 DATA 0,0,0,0,0,0,0,0,0,0
15820 DATA 0,0,0,0,0,0,0,0,0,0
15830 DATA 0,0,0,0,0,0,0,0,0,0
15840 DATA 0,0,0,0,0,0,0,0,0,0
15850 DATA 0,0,0,0,0,0,0,0,0,0
15860 DATA 0,0,0,0,0,0,0,0,0,0
15870 DATA 0,0,0,0,0,0,0,0,0,0
15880 DATA 0,0,0,0,0,0,0,0,0,0
15890 DATA 0,0,0,0,0,0,0,0,0,0
15900 DATA 0,0,0,0,0,0,0,0,0,0
15910 DATA 0,0,0,0,0,0,0,0,0,0
15920 DATA 0,0,0,0,0,0,0,0,0,0
15930 DATA 0,0,0,0,0,0,0,0,0,0
15940 DATA 0,0,0,0,0,0,0,0,0,0
15950 DATA 0,0,0,0,0,0,0,0,0,0
15960 DATA 0,0,0,0,0,0,0,0,0,0
15970 DATA 0,0,0,0,0,0,0,0,0,0
15980 DATA 0,0,0,0,0,0,0,0,0,0
15990 DATA 0,0,0,0,0,0,0,0,0,0
16000 DATA 0,0,0,0,0,0,0,0,0,0
16010 DATA 0,0,0,0,0,0,0,0,0,0
16020 DATA 0,0,0,0,0,0,0,0,0,0
16030 DATA 0,0,0,0,0,0,0,0,0,0
16040 DATA 0,0,0,0,0,0,0,0,0,0
16050 DATA 0,0,0,0,0,0,0,0,0,0
16060 DATA 0,0,0,0,0,0,0,0,0,0
16070 DATA 0,0,0,0,0,0,0,0,0,0
16080 DATA 0,0,0,0,0,0,0,0,0,0
16090 DATA 0,0,0,0,0,0,0,0,0,0
16100 DATA 0,0,0,0,0,0,0,0,0,0
16110 DATA 0,0,0,0,0,0,0,0,0,0
16120 DATA 0,0,0,0,0,0,0,0,0,0
16130 DATA 0,0,0,0,0,0,0,0,0,0
16140 DATA 0,0,0,0,0,0,0,0,0,0
16150 DATA 0,0,0,0,0,0,0,0,0,0
16160 DATA 0,0,0,0,0,0,0,0,0,0
16170 DATA 0,0,0,0,0,0,0,0,0,0
16180 DATA 0,0,0,0,0,0,0,0,0,0
16190 DATA 0,0,0,0,0,0,0,0,0,0
16200 DATA 0,0,0,0,0,0,0,0,0,0
16210 DATA 0,0,0,0,0,0,0,0,0,0
16220 DATA 0,0,0,0,0,0,0,0,0,0
16230 DATA 0,0,0,0,0,0,0,0,0,0
16240 DATA 0,0,0,0,0,0,0,0,0,0
16250 DATA 0,0,0,0,0,0,0,0,0,0
16260 DATA 0,0,0,0,0,0,0,0,0,0
16270 DATA 0,0,0,0,0,0,0,0,0,0
16280 DATA 0,0,0,0,0,0,0,0,0,0
16290 DATA 0,0,0,0,0,0,0,0,0,0
16300 DATA 0,0,0,0,0,0,0,0,0,0
16310 DATA 0,0,0,0,0,0,0,0,0,0
16320 DATA 0,0,0,0,0,0,0,0,0,0
16330 DATA 0,0,0,0,0,0,0,0,0,0
16340 DATA 0,0,0,0,0,0,0,0,0,0
16350 DATA 0,0,0,0,0,0,0,0,0,0
16360 DATA 0,0,0,0,0,0,0,0,0,0
16370 DATA 0,0,0,0,0,0,0,0,0,0
16380 DATA 0,0,0,0,0,0,0,0,0,0
16390 DATA 0,0,0,0,0,0,0,0,0,0
16400 DATA 0,0,0,0,0,0,0,0,0,0
16410 DATA 0,0,0,0,0,0,0,0,0,0
16420 DATA 0,0,0,0,0,0,0,0,0,0
16430 DATA 0,0,0,0,0,0,0,0,0,0
16440 DATA 0,0,0,0,0,0,0,0,0,0
16450 DATA 0,0,0,0,0,0,0,0,0,0
16460 DATA 0,0,0,0,0,0,0,0,0,0
16470 DATA 0,0,0,0,0,0,0,0,0,0
16480 DATA 0,0,0,0,0,0,0,0,0,0
16490 DATA 0,0,0,0,0,0,0,0,0,0
16500 DATA 0,0,0,0,0,0,0,0,0,0
16510 DATA 0,0,0,0,0,0,0,0,0,0
16520 DATA 0,0,0,0,0,0,0,0,0,0
16530 DATA 0,0,0,0,0,0,0,0,0,0
16540 DATA 0,0,0,0,0,0,0,0,0,0
16550 DATA 0,0,0,0,0,0,0,0,0,0
16560 DATA 0,0,0,0,0,0,0,0,0,0
16570 DATA 0,0,0,0,0,0,0,0,0,0
16580 DATA 0,0,0,0,0,0,0,0,0,0
16590 DATA 0,0,0,0,0,0,0,0,0,0
16600 DATA 0,0,0,0,0,0,0,0,0,0
16610 DATA 0,0,0,0,0,0,0,0,0,0
16620 DATA 0,0,0,0,0,0,0,0,0,0
16630 DATA 0,0,0,0,0,0,0,0,0,0
16640 DATA 0,0,0,0,0,0,0,0,0,0
16650 DATA 0,0,0,0,0,0,0,0,0,0
16660 DATA 0,0,0,0,0,0,0,0,0,0
16670 DATA 0,0,0,0,0,0,0,0,0,0
16680 DATA 0,0,0,0,0,0,0,0,0,0
16690 DATA 0,0,0,0,0,0,0,0,0,0
16700 DATA 0,0,0,0,0,0,0,0,0,0
16710 DATA 0,0,0,0,0,0,0,0,0,0
16720 DATA 0,0,0,0,0,0,0,0,0,0
16730 DATA 0,0,0,0,0,0,0,0,0,0
16740 DATA 0,0,0,0,0,0,0,0,0,0
16750 DATA 0,0,0,0,0,0,0,0,0,0
16760 DATA 0,0,0,0,0,0,0,0,0,0
16770 DATA 0,0,0,0,0,0,0,0,0,0
16780 DATA 0,0,0,0,0,0,0,0,0,0
16790 DATA 0,0,0,0,0,0,0,0,0,0
16800 DATA 0,0,0,0,0,0,0,0,0,0
16810 DATA 0,0,0,0,0,0,0,0,0,0
16820 DATA 0,0,0,0,0,0,0,0,0,0
16830 DATA 0,0,0,0,0,0,0,0,0,0
16840 DATA 0,0,0,0,0,0,0,0,0,0
16850 DATA 0,0,0,0,0,0,0,0,0,0
16860 DATA 0,0,0,0,0,0,0,0,0,0
16870 DATA 0,0,0,0,0,0,0,0,0,0
16880 DATA 0,0,0,0,0,0,0,0,0,0
16890 DATA 0,0,0,0,0,0,0,0,0,0
16900 DATA 0,0,0,0,0,0,0,0,0,0
16910 DATA 0,0,0,0,0,0,0,0,0,0
16920 DATA 0,0,0,0,0,0,0,0,0,0
16930 DATA 0,0,0,0,0,0,0,0,0,0
16940 DATA 0,0,0,0,0,0,0,0,0,0
16950 DATA 0,0,0,0,0,0,0,0,0,0
16960 DATA 0,0,0,0,0,0,0,0,0,0
16970 DATA 0,0,0,0,0,0,0,0,0,0
16980 DATA 0,0,0,0,0,0,0,0,0,0
16990 DATA 0,0,0,0,0,0,0,0,0,0
17000 DATA 0,0,0,0,0,0,0,0,0,0
17010 DATA 0,0,0,0,0,0,0,0,0,0
17020 DATA 0,0,0,0,0,0,0,0,0,0
17030 DATA 0,0,0,0,0,0,0,0,0,0
17040 DATA 0,0,0,0,0,0,0,0,0,0
17050 DATA 0,0,0,0,0,0,0,0,0,0
17060 DATA 0,0,0,0,0,0,0,0,0,0
17070 DATA 0,0,0,0,0,0,0,0,0,0
17080 DATA 0,0,0,0,0,0,0,0,0,0
17090 DATA 0,0,0,0,0,0,0,0,0,0
17100 DATA 0,0,0,0,0,0,0,0,0,0
17110 DATA 0,0,0,0,0,0,0,0,0,0
17120 DATA 0,0,0,0,0,0,0,0,0,0
17130 DATA 0,0,0,0,0,0,0,0,0,0
17140 DATA 0,0,0,0,0,0,0,0,0,0
17150 DATA 0,0,0,0,0,0,0,0,0,0
17160 DATA 0,0,0,0,0,0,0,0,0,0
17170 DATA 0,0,0,0,0,0,0,0,0,0
17180 DATA 0,0,0,0,0,0,0,0,0,0
17190 DATA 0,0,0,0,0,0,0,0,0,0
17200 DATA 0,0,0,0,0,0,0,0,0,0
17210 DATA 0,0,0,0,0,0,0,0,0,0
17220 DATA 0,0,0,0,0,0,0,0,0,0
17230 DATA 0,0,0,0,0,0,0,0,0,0
17240 DATA 0,0,0,0,0,0,0,0,0,0
17250 DATA 0,0,0,0,0,0,0,0,0,0
17260 DATA 0,0,0,0,0,0,0,0,0,0
17270 DATA 0,0,0,0,0,0,0,0,0,0
17280 DATA 0,0,0,0,0,0,0,0,0,0
17290 DATA 0,0,0,0,0,0,0,0,0,0
17300 DATA 0,0,0,0,0,0,0,0,0,0
17310 DATA 0,0,0,0,0,0,0,0,0,0
17320 DATA 0,0,0,0,0,0,0,0,0,0
17330 DATA 0,0,0,0,0,0,0,0,0,0
17340 DATA 0,0,0,0,0,0,0,0,0,0
17350 DATA 0,0,0,0,0,0,0,0,0,0
17360 DATA 0,0,0,0,0,0,0,0,0,0
17370 DATA 0,0,0,0,0,0,0,0,0,0
17380 DATA 0,0,0,0,0,0,0,0,0,0
17390 DATA 0,0,0,0,0,0,0,0,0,0
17400 DATA 0,0,0,0,0,0,0,0,0,0
17410 DATA 0,0,0,0,0,0,0,0,0,0
17420 DATA 0,0,0,0,0,0,0,0,0,0
17430 DATA 0,0,0,0,0,0,0,0,0,0
17440 DATA 0,0,0,0,0,0,0,0,0,0
17450 DATA 0,0,0,0,0,0,0,0,0,0
17460 DATA 0,0,0,0,0,0,0,0,0,0
17470 DATA 0,0,0,0,0,0,0,0,0,0
17480 DATA 0,0,0,0,0,0,0,0,0,0
17490 DATA 0,0,0,0,0,0,0,0,0,0
17500 DATA 0,0,0,0,0,0,0,0,0,0
17510 DATA 0,0,0,0,0,0,0,0,0,0
17520 DATA 0,0,0,0,0,0,0,0,0,0
17530 DATA 0,0,0,0,0,0,0,0,0,0
17540 DATA 0,0,0,0,0,0,0,0,0,0
17550 DATA 0,0,0,0,0,0,0,0,0,0
17560 DATA 0,0,0,0,0,0,0,0,0,0
17570 DATA 0,0,0,0,0,0,0,0,0,0
17580 DATA 0,0,0,0,0,0,0,0,0,0
17590 DATA 0,0,0,0,0,0,0,0,0,0
17600 DATA 0,0,0,0,0,0,0,0,0,0
17610 DATA 0,0,0,0,0,0,0,0,0,0
17620 DATA 0,0,0,0,0,0,0,0,0,0
17630 DATA 0,0,0,0,0,0,0,0,0,0
17640 DATA 0,0,0,0,0,0,0,0,0,0
17650 DATA 0,0,0,0,0,0,0,0,0,0
17660 DATA 0,0,0,0,0,0,0,0,0,0
17670 DATA 0,0,0,0,0,0,0,0,0,0
17680 DATA 0,0,0,0,0,0,0,0,0,0
17690 DATA 0,0,0,0,0,0,0,0,0,0
17700 DATA 0,0,0,0,0,0,0,0,0,0
17710 DATA 0,0,0,0,0,0,0,0,0,0
17720 DATA 0,0,0,0,0,0,0,0,0,0
17730 DATA 0,0,0,0,0,0,0,0,0,0
17740 DATA 0,0,0,0,0,0,0,0,0,0
17750 DATA 0,0,0,0,0,0,0,0,0,0
17760 DATA 0,0,0,0,0,0,0,0,0,0
17770 DATA 0,0,0,0,0,0,0,0,0,0
17780 DATA 0,0,0,0,0,0,0,0,0,0
17790 DATA 0,0,0,0,0,0,0,0,0,0
17800 DATA 0,0,0,0,0,0,0,0,0,0
17810 DATA 0,0,0,0,0,0,0,0,0,0
17820 DATA 0,0,0,0,0,0,0,0,0,0
17830 DATA 0,0,0,0,0,0,0,0,0,0
17840 DATA 0,0,0,0,0,0,0,0,0,0
17850 DATA 0,0,0,0,0,0,0,0,0,0
17860 DATA 0,0,0,0,0,0,0,0,0,0
17870 DATA 0,0,0,0,0,0,0,0,0,0
17880 DATA 0,0,0,0,0,0,0,0,0,0
17890 DATA 0,0,0,0,0,0,0,0,0,0
17900 DATA 0,0,0,0,0,0,0,0,0,0
17910 DATA 0,0,0,0,0,0,0,0,0,0
17920 DATA 0,0,0,0,0,0,0,0,0,0
17930 DATA 0,0,0,0,0,0,0,0,0,0
17940 DATA 0,0,0,0,0,0,0,0,0,0
17950 DATA 0,0,0,0,0,0,0,0,0,0
17960 DATA 0,0,0,0,0,0,0,0,0,0
17970 DATA 0,0,0,0,0,0,0,0,0,0
17980 DATA 0,0,0,0,0,0,0,0,0,0
17990 DATA 0,0,0,0,0,0,0,0,0,0
18000 DATA 0,0,0,0,0,0,0,0,0,0
18010 DATA 0,0,0,0,0,0,0,0,0,0
18020 DATA 0,0,0,0,0,0,0,0,0,0
18030 DATA 0,0,0,0,0,0,0,0,0,0
18040 DATA 0,0,0,0,0,0,0,0,0,0
18050 DATA 0,0,0,0,0,0,0,0,0,0
18060 DATA 0,0,0,0,0,0,0,0,0,0
18070 DATA 0,0,0,0,0,0,0,0,0,0
18080 DATA 0,0,0,0,0,0,0,0,0,0
18090 DATA 0,0,0,0,0,0,0,0,0,0
18100 DATA 0,0,0,0,0,0,0,0,0,0
18110 DATA 0,0,0,0,0,0,0,0,0,0
18120 DATA 0,0,0,0,0,0,0,0,0,0
18130 DATA 0,0,0,0,0,0,0,0,0,0
18140 DATA 0,0,0,0,0,0,0,0,0,0
18150 DATA 0,0,0,0,0,0,0,0,0,0
18160 DATA 0,0,0,0,0,0,0,0,0,0
18170 DATA 0,0,0,0,0,0,0,0,0,0
18180 DATA 0,0,0,0,0,0,0,0,0,0
