10 Reserve top-0
20 For i=0 to 16383
30 Read a:poke 0+i,a
40 next i
50 ?"type CALL TOP to run your code."
100 END
10000 DATA 243,195,0,1,195,192,2,84,0,0
10010 DATA 0,0,0,0,0,0,0,0,0,0
10020 DATA 0,0,0,0,0,0,0,0,0,0
10030 DATA 0,0,0,0,0,0,0,0,0,0
10040 DATA 0,0,0,0,0,0,0,0,0,0
10050 DATA 0,0,0,0,0,0,195,134,13,0
10060 DATA 0,0,0,0,0,0,0,0,0,0
10070 DATA 0,0,0,0,0,0,0,0,0,0
10080 DATA 0,0,0,0,0,0,0,0,0,0
10090 DATA 0,0,0,0,0,0,0,0,0,0
10100 DATA 0,0,0,0,0,0,0,0,0,0
10110 DATA 0,0,0,0,0,0,0,0,0,0
10120 DATA 0,0,0,0,0,0,0,0,0,0
10130 DATA 0,0,0,0,0,0,0,0,0,0
10140 DATA 0,0,0,0,0,0,0,0,0,0
10150 DATA 0,0,0,0,0,0,0,0,0,0
10160 DATA 0,0,0,0,0,0,0,0,0,0
10170 DATA 0,0,0,0,0,0,0,0,0,0
10180 DATA 0,0,0,0,0,0,0,0,0,0
10190 DATA 0,0,0,0,0,0,0,0,0,0
10200 DATA 0,0,0,0,0,0,0,0,0,0
10210 DATA 0,0,0,0,0,0,0,0,0,0
10220 DATA 0,0,0,0,0,0,0,0,0,0
10230 DATA 0,0,0,0,0,0,0,0,0,0
10240 DATA 0,0,0,0,0,0,0,0,0,0
10250 DATA 0,0,0,0,0,0,195,168,1,195
10260 DATA 233,5,195,105,5,195,85,5,195,147
10270 DATA 1,195,11,5,195,15,4,195,224,3
10280 DATA 195,110,15,195,29,16,195,73,17,195
10290 DATA 57,16,195,142,17,195,229,18,195,156
10300 DATA 17,195,58,16,195,68,16,195,93,16
10310 DATA 195,94,16,195,237,29,195,225,8,195
10320 DATA 225,24,195,80,24,195,97,23,195,111
10330 DATA 23,195,18,23,195,54,23,195,69,23
10340 DATA 195,83,23,195,240,22,195,254,22,195
10350 DATA 41,23,195,137,23,195,143,23,195,27
10360 DATA 23,195,125,23,195,131,23,195,47,42
10370 DATA 195,190,42,195,147,1,195,149,44,195
10380 DATA 147,1,195,3,42,195,184,46,195,73
10390 DATA 46,195,0,0,195,12,26,195,175,25
10400 DATA 195,176,29,201,6,80,205,176,29,201
10410 DATA 62,1,205,73,14,201,0,1,2,3
10420 DATA 4,5,6,7,243,237,86,24,45,14
10430 DATA 0,175,6,0,237,121,60,6,32,237
10440 DATA 121,62,198,6,64,237,121,62,199,6
10450 DATA 96,237,121,62,4,6,128,237,121,60
10460 DATA 6,160,237,121,60,6,192,237,121,60
10470 DATA 6,224,237,121,62,7,211,104,61,194
10480 DATA 220,1,49,255,250,33,0,254,175,119
10490 DATA 35,124,181,32,249,205,18,14,33,160
10500 DATA 1,17,51,255,1,8,0,237,176,62
10510 DATA 36,50,165,255,205,154,25,62,1,205
10520 DATA 73,14,33,174,7,205,113,14,205,137
10530 DATA 21,205,65,24,205,165,24,205,167,22
10540 DATA 33,253,7,205,27,23,62,6,205,13
10550 DATA 15,40,32,205,123,14,69,82,82,79
10560 DATA 82,32,73,78,73,84,73,76,73,90
10570 DATA 73,78,71,32,67,72,51,55,54,83
10580 DATA 10,13,0,24,27,205,123,14,83,84
10590 DATA 79,82,65,71,69,32,68,69,86,73
10600 DATA 67,69,32,69,88,73,83,84,83,10
10610 DATA 13,0,33,187,254,203,134,203,206,205
10620 DATA 147,1,33,0,0,34,3,254,33,255
10630 DATA 255,34,1,254,33,155,7,205,113,14
10640 DATA 205,147,1,175,50,15,254,62,0,50
10650 DATA 13,254,62,0,50,14,254,205,231,34
10660 DATA 33,142,7,205,113,14,205,134,32,205
10670 DATA 123,14,10,13,80,83,47,50,32,75
10680 DATA 69,89,66,79,65,82,68,32,73,78
10690 DATA 73,84,10,13,0,205,174,13,33,14
10700 DATA 8,205,37,5,175,50,15,254,33,222
10710 DATA 6,205,113,14,33,196,7,205,113,14
10720 DATA 62,0,50,13,254,50,69,255,62,6
10730 DATA 50,14,254,50,70,255,33,175,6,205
10740 DATA 37,5,205,15,4,245,205,105,5,241
10750 DATA 254,85,204,13,6,254,88,202,4,6
10760 DATA 254,83,204,154,1,254,84,204,85,6
10770 DATA 254,89,204,107,6,254,72,204,122,6
10780 DATA 254,74,204,58,6,254,75,204,112,8
10790 DATA 254,67,204,233,5,254,66,202,71,3
10800 DATA 254,77,202,164,3,254,81,204,53,3
10810 DATA 254,53,204,112,4,205,250,25,195,192
10820 DATA 2,33,160,254,6,19,205,153,14,119
10830 DATA 35,16,249,54,32,205,98,24,201,6
10840 DATA 2,62,2,205,30,14,6,3,62,3
10850 DATA 205,30,14,195,0,64,67,76,69,65
10860 DATA 82,32,83,67,82,69,69,78,0,66
10870 DATA 66,67,32,66,65,83,73,67,0,67
10880 DATA 79,77,77,65,78,68,32,80,82,79
10890 DATA 77,80,84,0,83,69,84,32,83,69
10900 DATA 82,73,65,76,32,84,79,32,49,49
10910 DATA 53,75,66,80,83,0,82,69,84,85
10920 DATA 82,78,32,84,79,32,77,69,78,85
10930 DATA 0,0,62,2,6,14,205,97,37,50
10940 DATA 168,255,33,63,0,34,169,255,33,255
10950 DATA 255,34,171,255,33,88,3,17,8,8
10960 DATA 62,1,205,62,48,254,1,204,233,5
10970 DATA 254,2,202,71,3,254,3,204,112,8
10980 DATA 254,4,204,154,1,254,5,202,192,2
10990 DATA 24,196,213,205,125,5,175,205,201,14
11000 DATA 40,16,205,153,14,205,63,4,254,13
11010 DATA 32,3,205,250,25,209,55,201,205,120
11020 DATA 32,40,14,205,108,32,205,63,4,254
11030 DATA 13,32,3,205,250,25,55,209,201,205
11040 DATA 125,5,175,205,201,14,40,15,205,153
11050 DATA 14,205,63,4,254,13,32,3,205,250
11060 DATA 25,55,201,205,120,32,40,227,205,108
11070 DATA 32,254,0,40,220,205,63,4,254,13
11080 DATA 32,3,205,250,25,55,201,254,165,204
11090 DATA 84,4,254,166,204,91,4,254,167,204
11100 DATA 98,4,254,168,204,105,4,201,205,3
11110 DATA 26,175,195,251,34,205,3,26,175,195
11120 DATA 6,35,205,3,26,175,195,17,35,205
11130 DATA 3,26,175,195,28,35,205,123,14,77
11140 DATA 79,85,78,84,32,83,84,79,82,65
11150 DATA 71,69,32,84,69,83,84,10,13,0
11160 DATA 175,205,48,15,216,245,205,123,14,68
11170 DATA 69,86,73,67,69,32,73,83,32,80
11180 DATA 82,69,83,69,78,84,10,13,0,241
11190 DATA 205,250,31,254,0,32,18,205,123,14
11200 DATA 84,73,77,69,79,85,84,46,46,46
11210 DATA 10,13,0,201,0,0,254,1,32,25
11220 DATA 205,123,14,85,83,66,32,74,85,83
11230 DATA 84,32,67,79,78,78,69,67,84,69
11240 DATA 68,10,13,0,201,254,2,192,205,123
11250 DATA 14,85,83,66,32,74,85,83,84,32
11260 DATA 68,73,83,67,79,78,78,69,67,84
11270 DATA 69,68,10,13,0,201,122,50,13,254
11280 DATA 50,69,255,123,50,14,254,50,70,255
11290 DATA 201,245,58,187,254,230,1,40,5,241
11300 DATA 245,205,147,1,209,58,187,254,230,2
11310 DATA 200,213,241,205,233,35,201,126,254,0
11320 DATA 200,229,205,11,5,225,35,24,244,225
11330 DATA 205,37,5,35,229,201,229,58,187,254
11340 DATA 230,1,40,3,205,147,1,225,58,187
11350 DATA 254,230,1,40,248,58,187,254,230,2
11360 DATA 200,205,67,36,201,58,187,254,230,1
11370 DATA 40,3,205,147,1,58,187,254,230,2
11380 DATA 200,205,48,38,201,58,187,254,230,1
11390 DATA 40,3,205,147,1,58,187,254,230,2
11400 DATA 200,205,18,38,201,245,58,17,254,203
11410 DATA 87,32,39,58,193,254,203,103,40,17
11420 DATA 58,17,254,203,79,32,28,203,207,50
11430 DATA 17,254,205,105,5,24,18,58,17,254
11440 DATA 203,79,40,11,203,143,50,17,254,205
11450 DATA 85,5,205,209,5,241,201,203,39,203
11460 DATA 39,203,39,71,58,17,254,203,159,176
11470 DATA 50,17,254,201,203,39,203,39,71,58
11480 DATA 17,254,203,151,176,50,17,254,201,58
11490 DATA 17,254,203,95,192,205,30,25,216,22
11500 DATA 0,30,1,205,54,23,33,161,254,205
11510 DATA 27,23,201,205,147,1,205,222,35,201
11520 DATA 175,50,13,254,50,69,255,58,14,254
11530 DATA 205,147,1,58,70,255,205,214,41,201
11540 DATA 62,5,205,147,1,42,190,254,233,243
11550 DATA 205,153,14,111,205,153,14,103,205,153
11560 DATA 14,79,205,153,14,71,34,190,254,58
11570 DATA 191,254,229,205,153,14,119,35,11,120
11580 DATA 177,32,246,62,5,205,147,1,205,176
11590 DATA 29,225,251,201,205,153,14,111,205,153
11600 DATA 14,103,205,153,14,79,205,153,14,71
11610 DATA 126,205,98,14,35,11,120,177,32,246
11620 DATA 201,0,6,10,197,205,153,14,205,98
11630 DATA 14,62,32,62,82,205,148,1,193,16
11640 DATA 239,175,201,0,6,255,197,205,153,14
11650 DATA 205,98,14,193,16,246,175,201,0,6
11660 DATA 255,197,120,205,98,14,193,16,248,175
11670 DATA 201,245,38,0,111,17,198,254,205,211
11680 DATA 29,62,10,18,19,62,13,18,19,175
11690 DATA 18,33,198,254,205,113,14,241,201,92
11700 DATA 69,80,82,79,77,49,46,66,73,78
11710 DATA 0,85,58,85,80,32,74,58,68,78
11720 DATA 32,88,58,82,85,78,32,67,58,67
11730 DATA 76,83,32,66,58,66,65,83,73,67
11740 DATA 32,75,58,67,77,68,80,82,77,84
11750 DATA 32,77,58,77,69,78,85,0,10,13
11760 DATA 85,58,85,80,76,79,65,68,32,74
11770 DATA 58,68,79,87,78,76,68,32,83,58
11780 DATA 49,49,53,75,66,80,83,32,88,58
11790 DATA 82,85,78,32,67,58,67,76,83,32
11800 DATA 66,58,66,65,83,73,67,32,75,58
11810 DATA 67,77,68,32,80,82,79,77,80,84
11820 DATA 32,77,58,77,69,78,85,10,13,0
11830 DATA 76,67,68,32,73,78,73,84,73,65
11840 DATA 76,73,90,69,68,0,82,83,50,51
11850 DATA 50,32,73,78,73,84,0,80,82,79
11860 DATA 71,82,65,77,32,72,65,76,84,69
11870 DATA 68,0,87,65,73,84,73,78,71,46
11880 DATA 46,46,0,80,82,71,32,84,82,65
11890 DATA 78,83,70,69,82,69,68,0,82,69
11900 DATA 67,69,73,86,73,78,71,46,46,46
11910 DATA 0,80,82,71,32,69,88,69,67,85
11920 DATA 84,69,0,73,77,65,71,69,32,67
11930 DATA 79,80,89,0,83,67,82,69,69,78
11940 DATA 32,82,69,65,68,89,0,67,76,69
11950 DATA 65,82,73,78,71,32,83,67,82,69
11960 DATA 69,78,46,10,13,0,10,13,82,83
11970 DATA 50,51,50,32,73,78,73,84,73,65
11980 DATA 76,73,90,69,68,10,13,0,10,13
11990 DATA 87,65,73,84,73,78,71,46,46,46
12000 DATA 10,13,0,0,10,13,75,69,89,32
12010 DATA 80,82,69,83,83,69,68,10,13,0
12020 DATA 0,10,13,83,84,79,82,65,71,69
12030 DATA 32,73,78,73,84,73,65,76,73,90
12040 DATA 69,68,10,13,0,65,84,76,65,83
12050 DATA 32,79,83,32,86,69,82,48,46,53
12060 DATA 52,0,65,84,76,65,83,32,77,111
12070 DATA 100,117,108,97,114,32,90,56,48,32
12080 DATA 67,111,109,112,117,116,101,114,10,13
12090 DATA 79,112,101,114,97,116,105,110,103,32
12100 DATA 83,121,115,116,101,109,32,86,101,114
12110 DATA 115,105,111,110,32,48,46,53,52,10
12120 DATA 13,67,68,101,115,112,32,50,48,50
12130 DATA 48,45,50,50,10,13,82,65,77,58
12140 DATA 32,52,48,48,48,104,44,84,79,80
12150 DATA 58,32,70,65,48,48,104,10,13,0
12160 DATA 62,15,50,67,255,62,4,50,68,255
12170 DATA 33,128,8,34,117,255,58,13,254,103
12180 DATA 58,14,254,132,254,0,40,12,62,13
12190 DATA 205,11,5,175,50,13,254,50,69,255
12200 DATA 205,240,5,62,35,205,11,5,33,77
12210 DATA 255,229,205,15,4,225,254,0,40,247
12220 DATA 254,32,48,33,254,6,32,23,43,58
12230 DATA 69,255,254,1,32,5,33,77,255,24
12240 DATA 226,62,8,205,216,8,62,0,119,24
12250 DATA 216,254,13,40,18,24,210,205,216,8
12260 DATA 119,35,24,203,229,245,55,205,11,5
12270 DATA 241,225,201,229,245,205,105,5,241,225
12280 DATA 205,216,8,175,119,33,77,255,205,76
12290 DATA 9,254,13,200,254,124,200,235,33,91
12300 DATA 9,26,205,83,9,190,40,11,56,49
12310 DATA 203,126,35,40,251,35,35,24,238,213
12320 DATA 19,35,26,205,83,9,254,46,40,10
12330 DATA 174,40,243,254,128,40,3,209,24,226
12340 DATA 241,19,203,126,35,40,251,126,35,102
12350 DATA 111,229,235,229,253,225,195,76,9,62
12360 DATA 254,205,155,10,79,83,32,66,97,100
12370 DATA 32,99,111,109,109,97,110,100,13,0
12380 DATA 126,254,32,192,35,24,249,230,127,254
12390 DATA 96,216,230,95,201,66,89,197,188,10
12400 DATA 67,196,125,11,67,76,211,191,10,67
12410 DATA 85,82,83,79,210,74,13,68,73,210
12420 DATA 103,11,69,88,69,195,254,10,76,67
12430 DATA 68,95,66,76,73,78,75,79,70,198
12440 DATA 86,12,76,67,68,95,66,76,73,78
12450 DATA 75,79,206,92,12,76,67,68,95,67
12460 DATA 76,69,65,210,98,12,76,67,68,95
12470 DATA 67,85,82,83,79,82,65,212,104,12
12480 DATA 76,67,68,95,67,85,82,83,79,70
12490 DATA 198,133,12,76,67,68,95,67,85,82
12500 DATA 83,79,206,139,12,76,67,68,95,68
12510 DATA 73,83,80,79,70,198,145,12,76,67
12520 DATA 68,95,68,73,83,80,79,206,151,12
12530 DATA 76,67,68,95,72,79,77,197,41,23
12540 DATA 76,67,68,95,77,79,86,76,69,70
12550 DATA 212,163,12,76,67,68,95,77,79,86
12560 DATA 82,73,71,72,212,169,12,76,67,68
12570 DATA 95,80,82,73,78,212,175,12,76,67
12580 DATA 68,95,83,67,82,76,69,70,212,184
12590 DATA 12,76,67,68,95,83,67,82,82,73
12600 DATA 71,72,212,190,12,76,67,68,84,73
12610 DATA 77,197,104,13,80,87,196,185,10,82
12620 DATA 69,83,69,212,197,10,82,84,67,95
12630 DATA 65,68,74,85,83,212,171,11,82,84
12640 DATA 67,95,71,69,212,217,11,83,69,84
12650 DATA 68,65,84,69,84,73,77,197,69,12
12660 DATA 83,69,84,68,65,84,197,237,11,83
12670 DATA 69,84,76,67,196,233,12,83,69,84
12680 DATA 84,73,77,197,25,12,83,69,84,86
12690 DATA 71,193,196,12,84,89,80,197,136,11
12700 DATA 86,71,65,77,79,68,197,14,13,255
12710 DATA 42,117,255,229,201,225,205,37,5,195
12720 DATA 150,10,205,155,10,79,83,32,67,77
12730 DATA 68,32,83,121,110,116,97,120,32,101
12740 DATA 114,114,111,114,0,195,150,10,195,192
12750 DATA 2,205,233,5,195,150,10,195,0,0
12760 DATA 205,155,10,78,79,84,32,65,32,86
12770 DATA 65,76,73,68,32,72,69,88,32,65
12780 DATA 68,68,82,69,83,83,0,126,254,0
12790 DATA 40,20,254,46,40,3,35,24,244,35
12800 DATA 205,43,31,32,211,205,123,31,96,105
12810 DATA 175,201,55,201,205,111,11,43,43,43
12820 DATA 43,43,205,227,10,218,150,10,229,205
12830 DATA 73,17,225,56,67,229,84,93,1,0
12840 DATA 0,205,156,17,58,255,254,205,142,17
12850 DATA 201,253,229,225,205,76,9,229,30,0
12860 DATA 126,254,32,40,24,254,44,40,20,254
12870 DATA 47,40,16,254,58,40,12,254,13,40
12880 DATA 8,254,0,40,4,35,28,24,227,229
12890 DATA 253,225,225,201,205,35,11,205,75,31
12900 DATA 111,201,205,155,10,83,84,79,82,65
12910 DATA 71,69,32,69,82,82,79,82,0,205
12920 DATA 110,15,210,150,10,24,231,205,35,11
12930 DATA 6,0,75,17,211,254,237,176,175,18
12940 DATA 201,205,111,11,205,29,16,210,150,10
12950 DATA 24,206,205,111,11,205,73,17,56,198
12960 DATA 205,57,16,58,255,254,205,142,17,195
12970 DATA 150,10,205,78,11,205,237,29,253,126
12980 DATA 0,254,44,253,35,125,201,14,0,17
12990 DATA 138,254,175,50,138,254,19,197,213,205
13000 DATA 156,11,209,193,40,11,253,43,71,121
13010 DATA 254,6,40,8,195,162,10,12,18,19
13020 DATA 24,231,120,18,19,175,18,205,225,24
13030 DATA 195,150,10,205,30,25,33,160,254,17
13040 DATA 20,0,175,25,119,237,82,205,37,5
13050 DATA 195,150,10,205,30,25,33,176,254,17
13060 DATA 178,254,1,8,0,237,184,33,169,254
13070 DATA 54,48,35,54,32,253,229,225,35,17
13080 DATA 160,254,1,8,0,237,176,253,33,160
13090 DATA 254,205,98,24,195,150,10,205,30,25
13100 DATA 33,176,254,17,178,254,1,8,0,237
13110 DATA 184,33,169,254,54,48,35,54,32,253
13120 DATA 229,225,35,17,171,254,1,8,0,237
13130 DATA 176,253,33,160,254,205,98,24,195,150
13140 DATA 10,253,229,225,17,160,254,1,19,0
13150 DATA 237,176,205,98,24,195,150,10,205,97
13160 DATA 23,195,150,10,205,111,23,195,150,10
13170 DATA 205,18,23,195,150,10,205,78,11,85
13180 DATA 213,253,126,0,254,44,40,4,209,195
13190 DATA 162,10,253,35,205,78,11,209,93,205
13200 DATA 54,23,195,150,10,205,69,23,195,150
13210 DATA 10,205,83,23,195,150,10,205,240,22
13220 DATA 195,150,10,205,254,22,195,150,10,205
13230 DATA 41,23,195,150,10,205,137,23,195,150
13240 DATA 10,205,143,23,195,150,10,205,35,11
13250 DATA 205,27,23,195,150,10,205,125,23,195
13260 DATA 150,10,205,131,23,195,150,10,205,35
13270 DATA 11,205,30,13,79,78,0,40,18,205
13280 DATA 30,13,79,70,70,0,194,162,10,33
13290 DATA 187,254,203,142,195,150,10,33,187,254
13300 DATA 203,206,195,150,10,205,35,11,205,30
13310 DATA 13,79,78,0,40,18,205,30,13,79
13320 DATA 70,70,0,194,162,10,33,187,254,203
13330 DATA 134,195,150,10,33,187,254,203,198,195
13340 DATA 150,10,205,78,11,230,3,111,205,183
13350 DATA 35,77,205,133,35,195,150,10,209,229
13360 DATA 26,254,0,40,19,71,126,254,0,40
13370 DATA 13,184,32,4,19,35,24,238,62,1
13380 DATA 254,0,24,1,175,205,63,13,225,213
13390 DATA 201,245,27,19,26,254,0,32,250,19
13400 DATA 241,201,205,35,11,205,30,13,79,78
13410 DATA 0,62,0,40,11,205,30,13,79,70
13420 DATA 70,0,194,162,10,60,205,194,5,195
13430 DATA 150,10,205,35,11,205,30,13,79,78
13440 DATA 0,62,0,40,11,205,30,13,79,70
13450 DATA 70,0,194,162,10,60,205,177,5,195
13460 DATA 150,10,245,197,213,229,221,229,219,104
13470 DATA 230,7,221,33,148,255,6,0,79,203
13480 DATA 33,221,9,221,110,0,221,102,1,1
13490 DATA 166,13,197,233,221,225,225,209,193,241
13500 DATA 251,201,243,33,196,13,17,148,255,1
13510 DATA 16,0,237,176,14,104,6,8,237,65
13520 DATA 16,252,251,201,9,14,218,13,212,13
13530 DATA 226,13,226,13,226,13,226,13,226,13
13540 DATA 79,205,96,32,121,201,211,104,62,1
13550 DATA 50,197,254,201,211,104,201,33,193,254
13560 DATA 52,126,254,0,192,35,52,126,254,0
13570 DATA 192,35,52,126,254,0,192,35,52,126
13580 DATA 254,0,192,33,0,0,34,193,254,34
13590 DATA 195,254,201,211,104,205,229,13,205,147
13600 DATA 1,201,33,51,255,6,8,175,119,60
13610 DATA 35,16,251,201,79,120,254,2,216,254
13620 DATA 7,200,33,51,255,22,0,95,25,121
13630 DATA 119,14,0,88,203,32,203,32,203,32
13640 DATA 203,32,203,32,237,121,67,201,33,51
13650 DATA 255,22,0,88,25,126,201,245,62,128
13660 DATA 211,35,241,211,32,62,0,211,33,62
13670 DATA 3,211,35,62,0,211,34,62,0,211
13680 DATA 33,201,205,104,14,211,32,201,245,219
13690 DATA 37,203,111,40,250,241,201,126,35,254
13700 DATA 0,200,205,98,14,24,246,229,197,213
13710 DATA 245,33,9,0,57,70,43,78,96,105
13720 DATA 205,113,14,241,209,68,77,33,5,0
13730 DATA 57,112,43,113,193,225,201,237,87,245
13740 DATA 209,243,62,1,211,36,205,192,14,175
13750 DATA 211,36,219,32,213,87,241,122,224,251
13760 DATA 201,62,1,211,36,219,37,203,71,40
13770 DATA 3,243,24,231,175,201,245,219,37,203
13780 DATA 71,40,250,241,201,219,37,203,71,201
13790 DATA 245,241,201,245,62,13,205,98,14,62
13800 DATA 10,205,98,14,241,201,245,229,197,219
13810 DATA 37,203,103,40,4,62,66,24,26,203
13820 DATA 87,40,4,62,80,24,18,203,95,40
13830 DATA 4,62,70,24,10,203,79,40,4,62
13840 DATA 79,24,2,62,78,33,184,254,119,193
13850 DATA 225,241,201,87,175,50,196,255,205,234
13860 DATA 20,32,6,122,205,255,20,40,3,62
13870 DATA 0,201,205,223,20,191,62,128,50,196
13880 DATA 255,201,58,196,255,203,127,201,205,42
13890 DATA 15,55,200,6,5,205,47,21,40,6
13900 DATA 48,28,16,247,175,201,175,58,196,255
13910 DATA 203,71,192,205,58,21,32,12,58,196
13920 DATA 255,203,199,50,196,255,175,62,1,201
13930 DATA 175,58,196,255,203,71,200,203,135,50
13940 DATA 196,255,62,2,201,195,67,21,42,0
13950 DATA 205,160,15,33,108,15,205,29,16,200
13960 DATA 62,39,205,201,20,205,8,20,62,0
13970 DATA 18,33,0,255,205,37,5,62,13,205
13980 DATA 11,5,62,51,205,201,20,205,90,20
13990 DATA 254,66,24,221,126,35,183,200,24,250
14000 DATA 229,213,197,33,197,255,205,173,15,193
14010 DATA 209,225,201,126,183,200,229,205,29,16
14020 DATA 225,216,55,62,150,200,205,154,15,24
14030 DATA 238,229,126,254,92,40,14,254,47,40
14040 DATA 10,254,46,32,45,254,46,40,15,225
14050 DATA 201,33,197,255,54,92,35,54,0,35
14060 DATA 54,0,225,201,33,197,255,205,154,15
14070 DATA 126,183,235,225,200,229,235,68,77,205
14080 DATA 154,15,126,183,32,247,175,2,225,201
14090 DATA 235,33,197,255,205,154,15,126,183,32
14100 DATA 249,235,126,18,35,19,183,32,249,235
14110 DATA 54,0,225,201,245,205,37,5,62,10
14120 DATA 205,11,5,241,201,229,62,47,205,201
14130 DATA 20,205,126,21,32,14,62,50,205,201
14140 DATA 20,205,90,20,225,254,66,200,183,201
14150 DATA 225,55,201,201,201,213,17,0,0,205
14160 DATA 68,16,209,201,62,57,205,201,20,121
14170 DATA 205,205,20,120,205,205,20,123,205,205
14180 DATA 20,122,205,205,20,205,90,20,201,201
14190 DATA 201,62,39,205,201,20,205,8,20,245
14200 DATA 214,8,71,241,33,8,255,126,229,197
14210 DATA 205,11,5,193,225,35,16,245,205,209
14220 DATA 14,62,63,205,201,20,205,90,20,192
14230 DATA 62,39,205,201,20,205,8,20,221,33
14240 DATA 0,255,221,229,221,86,3,221,94,2
14250 DATA 221,102,1,221,110,0,205,113,30,33
14260 DATA 127,255,205,1,31,205,37,5,205,49
14270 DATA 5,32,83,69,67,84,79,82,83,10
14280 DATA 13,0,221,225,221,229,221,86,7,221
14290 DATA 94,6,221,102,5,221,110,4,205,113
14300 DATA 30,33,127,255,205,1,31,205,37,5
14310 DATA 205,49,5,32,83,69,67,84,79,82
14320 DATA 83,32,70,82,69,69,32,32,32,10
14330 DATA 13,0,221,225,221,126,8,61,40,8
14340 DATA 61,40,24,61,40,40,24,57,205,49
14350 DATA 5,70,83,32,73,83,32,70,65,84
14360 DATA 45,49,50,10,13,0,201,205,49,5
14370 DATA 70,83,32,73,83,32,70,65,84,45
14380 DATA 49,54,10,13,0,201,205,49,5,70
14390 DATA 83,32,73,83,32,70,65,84,45,51
14400 DATA 50,10,13,0,201,205,49,5,85,78
14410 DATA 75,78,79,87,78,32,70,83,10,13
14420 DATA 0,221,126,8,201,245,62,47,205,201
14430 DATA 20,33,211,254,205,126,21,40,30,241
14440 DATA 205,49,5,69,82,82,79,82,32,83
14450 DATA 69,84,84,73,78,71,32,70,73,76
14460 DATA 69,78,65,77,69,10,13,0,201,241
14470 DATA 183,40,12,214,1,40,8,214,1,40
14480 DATA 4,62,52,24,2,62,50,205,201,20
14490 DATA 205,90,20,201,62,54,205,201,20,62
14500 DATA 1,205,205,20,205,90,20,201,213,62
14510 DATA 58,205,201,20,121,205,205,20,120,205
14520 DATA 205,20,47,47,209,33,0,0,229,213
14530 DATA 205,90,20,209,225,40,28,254,29,32
14540 DATA 28,62,39,205,201,20,205,220,20,71
14550 DATA 205,220,20,18,19,35,16,248,62,59
14560 DATA 205,201,20,24,219,68,77,175,201,245
14570 DATA 205,250,31,205,49,5,69,82,82,79
14580 DATA 82,32,82,69,65,68,73,78,71,32
14590 DATA 66,76,79,67,75,33,33,33,32,0
14600 DATA 241,6,2,5,201,213,197,205,47,32
14610 DATA 175,205,73,17,32,75,193,209,205,156
14620 DATA 17,40,32,205,250,31,205,49,5,32
14630 DATA 69,82,82,79,82,32,82,69,65,68
14640 DATA 73,78,71,32,70,73,76,69,10,13
14650 DATA 0,213,197,24,36,197,205,109,30,33
14660 DATA 127,255,205,1,31,205,113,14,205,49
14670 DATA 5,32,66,89,84,69,83,32,82,69
14680 DATA 65,68,10,13,0,205,142,17,193,175
14690 DATA 201,193,209,205,250,31,205,49,5,45
14700 DATA 45,62,69,82,82,79,82,32,65,84
14710 DATA 32,76,79,65,68,70,73,76,69,10
14720 DATA 13,0,33,211,254,205,113,14,205,209
14730 DATA 14,55,201,213,197,205,47,32,175,205
14740 DATA 73,17,32,50,193,205,59,16,1,244
14750 DATA 1,209,205,156,17,40,30,205,250,31
14760 DATA 205,49,5,32,69,82,82,79,82,32
14770 DATA 82,69,65,68,73,78,71,32,70,73
14780 DATA 76,69,10,13,0,24,9,197,205,142
14790 DATA 17,193,175,201,193,209,205,250,31,205
14800 DATA 49,5,45,45,62,69,82,82,79,82
14810 DATA 32,79,80,69,78,73,78,71,32,70
14820 DATA 73,76,69,10,13,0,33,211,254,205
14830 DATA 113,14,205,209,14,55,201,213,62,60
14840 DATA 205,201,20,121,205,205,20,120,205,205
14850 DATA 20,225,205,90,20,40,27,254,30,32
14860 DATA 25,62,45,205,201,20,205,220,20,71
14870 DATA 126,205,205,20,35,16,249,62,61,205
14880 DATA 201,20,24,224,183,201,245,205,250,31
14890 DATA 205,49,5,69,82,82,79,82,32,87
14900 DATA 82,73,84,73,78,71,32,66,76,79
14910 DATA 67,75,33,33,33,32,13,10,0,241
14920 DATA 6,2,5,201,213,197,229,205,49,5
14930 DATA 10,13,83,65,86,69,32,70,73,76
14940 DATA 69,10,13,10,13,0,225,205,47,32
14950 DATA 62,4,205,73,17,32,78,205,49,5
14960 DATA 10,13,70,73,76,69,32,67,82,69
14970 DATA 65,84,69,68,32,79,75,10,13,0
14980 DATA 193,209,205,229,18,40,25,205,49,5
14990 DATA 32,69,82,82,79,82,32,87,82,73
15000 DATA 84,73,78,71,32,70,73,76,69,10
15010 DATA 13,0,205,49,5,66,89,84,69,32
15020 DATA 87,82,73,84,84,69,78,10,13,0
15030 DATA 205,142,17,175,201,193,209,205,250,31
15040 DATA 205,49,5,45,45,62,69,82,82,79
15050 DATA 82,32,67,82,69,65,84,73,78,71
15060 DATA 32,70,73,76,69,10,13,0,33,211
15070 DATA 254,205,113,14,205,209,14,55,201,197
15080 DATA 213,205,47,32,62,1,205,73,17,32
15090 DATA 11,1,255,255,17,255,255,205,68,16
15100 DATA 24,9,62,4,205,73,17,62,151,32
15110 DATA 13,209,193,205,229,18,245,205,142,17
15120 DATA 241,192,175,201,209,193,55,201,205,220
15130 DATA 20,254,0,200,245,17,0,255,71,205
15140 DATA 220,20,18,19,16,249,241,201,245,205
15150 DATA 123,14,70,65,84,65,76,32,69,82
15160 DATA 82,79,82,58,0,241,205,250,31,33
15170 DATA 61,20,254,146,40,1,201,205,113,14
15180 DATA 201,80,65,82,84,73,84,73,79,78
15190 DATA 46,78,79,84,46,83,85,80,80,79
15200 DATA 82,84,69,68,33,33,33,10,13,0
15210 DATA 229,205,104,20,225,192,216,175,205,135
15220 DATA 20,254,20,201,175,1,50,0,205,217
15230 DATA 20,203,127,200,245,197,6,4,205,157
15240 DATA 29,193,241,11,95,120,177,123,32,234
15250 DATA 55,6,2,5,201,62,34,205,201,20
15260 DATA 205,220,20,201,1,196,9,205,217,20
15270 DATA 203,103,200,197,245,6,10,205,157,29
15280 DATA 241,193,11,95,120,177,123,32,234,245
15290 DATA 205,250,31,241,205,123,14,42,42,42
15300 DATA 67,77,68,32,84,73,77,69,79,85
15310 DATA 84,42,42,42,10,13,0,6,2,5
15320 DATA 201,211,49,24,2,211,48,197,213,229
15330 DATA 205,144,20,225,209,193,201,219,49,201
15340 DATA 219,48,201,62,1,205,201,20,205,220
15350 DATA 20,230,15,201,62,5,205,201,20,62
15360 DATA 6,205,201,20,62,87,205,205,20,205
15370 DATA 220,20,254,168,201,245,62,21,205,201
15380 DATA 20,241,205,205,20,6,4,205,157,29
15390 DATA 205,135,20,254,21,200,245,205,123,14
15400 DATA 69,82,82,58,32,83,69,84,85,83
15410 DATA 66,77,79,68,69,10,13,0,241,205
15420 DATA 250,31,201,62,48,205,201,20,205,90
15430 DATA 20,216,200,201,62,49,205,201,20,205
15440 DATA 90,20,201,6,10,197,205,255,20,32
15450 DATA 16,205,47,21,32,11,62,49,205,201
15460 DATA 20,205,90,20,193,200,197,6,100,205
15470 DATA 176,29,193,16,226,6,2,5,245,205
15480 DATA 123,14,69,82,82,58,32,77,79,85
15490 DATA 78,84,32,68,73,83,75,10,13,0
15500 DATA 241,201,126,205,205,20,192,126,183,200
15510 DATA 35,24,245,62,99,211,112,62,0,211
15520 DATA 113,62,128,211,114,205,153,21,201,197
15530 DATA 1,0,32,219,116,95,203,79,40,11
15540 DATA 11,120,177,32,244,62,116,205,98,14
15550 DATA 123,193,201,205,153,21,219,116,203,127
15560 DATA 201,122,135,211,115,62,144,211,116,205
15570 DATA 177,21,32,35,120,177,40,29,126,35
15580 DATA 211,115,11,120,177,40,11,62,16,211
15590 DATA 116,205,177,21,32,13,24,232,62,80
15600 DATA 211,116,205,177,21,32,2,175,201,95
15610 DATA 121,183,192,61,201,122,135,211,115,62
15620 DATA 144,211,116,213,205,177,21,209,32,235
15630 DATA 123,211,115,62,16,211,116,205,177,21
15640 DATA 32,223,122,135,246,1,211,115,62,144
15650 DATA 211,116,205,177,21,32,208,120,177,40
15660 DATA 28,11,120,177,40,13,62,32,211,116
15670 DATA 205,153,21,219,115,119,35,24,234,62
15680 DATA 104,211,116,205,153,21,219,115,119,175
15690 DATA 201,22,0,15,48,2,203,226,15,48
15700 DATA 2,203,234,15,48,2,203,242,15,48
15710 DATA 2,203,250,123,15,48,2,203,194,58
15720 DATA 137,254,178,87,203,210,122,205,105,22
15730 DATA 203,146,122,205,105,22,201,213,229,33
15740 DATA 138,254,119,22,39,1,1,0,205,185
15750 DATA 21,225,209,201,30,0,24,2,30,1
15760 DATA 87,123,15,56,7,15,48,4,30,0
15770 DATA 24,14,122,203,63,203,63,203,63,203
15780 DATA 63,213,205,59,22,209,122,230,15,205
15790 DATA 59,22,201,6,4,205,176,29,201,62
15800 DATA 3,30,2,205,128,22,205,161,22,62
15810 DATA 3,30,2,205,128,22,205,161,22,62
15820 DATA 3,30,2,205,128,22,205,161,22,62
15830 DATA 2,30,2,205,128,22,205,161,22,62
15840 DATA 40,205,122,22,62,2,50,135,254,205
15850 DATA 254,22,205,18,23,62,2,50,136,254
15860 DATA 246,4,205,122,22,205,161,22,205,149
15870 DATA 23,201,58,135,254,203,151,50,135,254
15880 DATA 246,8,205,122,22,201,58,135,254,203
15890 DATA 215,50,135,254,246,8,205,122,22,201
15900 DATA 6,5,205,176,29,201,62,1,205,122
15910 DATA 22,205,12,23,201,126,254,0,200,205
15920 DATA 126,22,35,24,246,205,126,22,201,62
15930 DATA 2,205,122,22,205,12,23,201,0,64
15940 DATA 20,84,6,0,75,33,50,23,9,126
15950 DATA 130,246,128,205,122,22,201,58,135,254
15960 DATA 203,143,50,135,254,246,8,205,122,22
15970 DATA 201,58,135,254,203,207,50,135,254,246
15980 DATA 8,205,122,22,201,58,135,254,203,135
15990 DATA 50,135,254,246,8,205,122,22,201,58
16000 DATA 135,254,203,199,50,135,254,246,8,205
16010 DATA 122,22,201,62,24,205,122,22,201,62
16020 DATA 28,205,122,22,201,62,16,205,122,22
16030 DATA 201,62,20,205,122,22,201,62,8,50
16040 DATA 137,254,205,105,22,201,62,0,50,137
16050 DATA 254,205,105,22,201,83,117,110,100,97
16060 DATA 121,0,77,111,110,100,97,121,0,84
16070 DATA 117,101,115,100,97,121,0,87,101,100
16080 DATA 110,101,115,100,97,121,0,84,104,117
16090 DATA 114,115,100,97,121,0,70,114,105,100
16100 DATA 97,121,0,83,97,116,117,114,100,97
16110 DATA 121,0,167,23,174,23,181,23,189,23
16120 DATA 199,23,208,23,215,23,82,84,67,32
16130 DATA 69,82,32,82,86,10,13,0,82,84
16140 DATA 67,32,69,82,32,83,68,10,13,0
16150 DATA 123,197,205,135,6,193,121,205,135,6
16160 DATA 33,250,23,205,113,14,201,121,205,135
16170 DATA 6,33,238,23,205,113,14,55,201,175
16180 DATA 6,20,33,138,254,119,35,16,252,201
16190 DATA 100,100,47,109,109,47,121,121,32,119
16200 DATA 32,104,104,58,109,109,58,115,115,33
16210 DATA 46,24,17,160,254,1,19,0,237,176
16220 DATA 205,35,24,201,33,138,254,22,104,30
16230 DATA 0,1,7,0,205,239,21,194,23,24
16240 DATA 175,201,17,138,254,175,18,19,33,177
16250 DATA 254,205,153,24,33,174,254,205,153,24
16260 DATA 33,171,254,205,153,24,33,169,254,205
16270 DATA 153,24,33,160,254,205,153,24,33,163
16280 DATA 254,205,153,24,33,166,254,205,153,24
16290 DATA 62,0,18,205,225,24,201,213,205,75
16300 DATA 31,209,205,237,29,125,18,19,201,17
16310 DATA 138,254,175,18,19,62,10,205,237,29
16320 DATA 125,18,19,62,34,205,237,29,125,18
16330 DATA 19,62,18,205,237,29,125,18,19,62
16340 DATA 5,18,19,62,18,205,237,29,125,18
16350 DATA 19,62,2,205,237,29,125,18,19,62
16360 DATA 21,205,237,29,125,18,19,175,18,33
16370 DATA 138,254,22,104,1,9,0,205,185,21
16380 DATA 194,6,24,201,33,138,254,229,62,7
16390 DATA 119,35,122,119,225,22,104,1,2,0
16400 DATA 205,185,21,194,6,24,201,205,84,30
16410 DATA 38,0,201,6,7,33,138,254,126,254
16420 DATA 255,40,5,35,16,248,175,201,55,201
16430 DATA 205,35,24,205,80,24,216,205,13,25
16440 DATA 216,221,33,138,254,17,160,254,38,0
16450 DATA 221,110,4,205,7,25,62,47,18,19
16460 DATA 221,110,5,205,7,25,62,47,18,19
16470 DATA 221,110,6,205,7,25,62,32,18,19
16480 DATA 221,110,2,205,7,25,62,58,18,19
16490 DATA 221,110,1,205,7,25,62,58,18,19
16500 DATA 221,110,0,205,7,25,19,175,18,201
16510 DATA 237,68,237,68,237,68,237,68,237,68
16520 DATA 237,68,237,68,237,68,201,211,64,205
16530 DATA 110,25,201,62,159,205,127,25,62,191
16540 DATA 205,127,25,62,223,205,127,25,62,255
16550 DATA 205,127,25,201,205,133,25,175,50,185
16560 DATA 255,175,33,173,255,119,84,93,19,1
16570 DATA 11,0,237,176,201,245,197,229,230,3
16580 DATA 7,7,7,7,7,246,128,71,125,230
16590 DATA 15,176,205,127,25,225,229,203,60,203
16600 DATA 29,203,60,203,29,203,60,203,29,203
16610 DATA 60,203,29,125,230,63,205,127,25,225
16620 DATA 193,241,201,245,197,62,2,14,0,205
16630 DATA 12,26,62,2,205,175,25,193,205,176
16640 DATA 29,62,2,14,4,205,12,26,241,201
16650 DATA 33,159,0,6,160,205,223,25,201,33
16660 DATA 53,0,6,60,205,223,25,201,245,197
16670 DATA 213,7,60,95,121,254,4,62,15,40
16680 DATA 9,62,1,12,13,40,3,7,24,250
16690 DATA 87,62,128,203,3,203,3,203,3,203
16700 DATA 3,178,179,205,127,25,209,193,241,201
16710 DATA 245,205,95,26,71,58,185,255,176,50
16720 DATA 185,255,241,14,4,205,12,26,201,245
16730 DATA 205,95,26,237,68,61,71,58,185,255
16740 DATA 160,50,185,255,241,14,0,205,12,26
16750 DATA 201,60,79,175,60,13,200,7,24,251
16760 DATA 253,33,173,255,221,33,181,255,14,0
16770 DATA 6,0,197,253,110,0,253,102,1,124
16780 DATA 181,40,6,205,149,26,193,4,197,193
16790 DATA 253,35,253,35,221,35,12,121,254,4
16800 DATA 32,226,120,183,201,221,126,0,183,40
16810 DATA 5,61,221,119,0,192,126,254,9,40
16820 DATA 38,95,35,229,102,107,89,121,14,0
16830 DATA 205,12,26,75,253,229,221,229,205,175
16840 DATA 25,221,225,253,225,225,35,126,221,119
16850 DATA 0,35,253,117,0,253,116,1,201,35
16860 DATA 126,35,254,9,40,9,254,8,40,19
16870 DATA 254,7,40,31,201,33,0,0,253,117
16880 DATA 0,253,116,1,121,205,20,27,201,121
16890 DATA 205,20,27,126,221,119,0,35,253,117
16900 DATA 0,253,116,1,201,126,35,229,71,121
16910 DATA 7,7,7,7,7,230,96,176,253,229
16920 DATA 221,229,205,127,25,221,225,253,225,225
16930 DATA 24,140,7,7,7,7,7,230,96,246
16940 DATA 4,195,127,25,254,225,200,254,240,200
16950 DATA 254,224,200,254,170,200,79,58,167,255
16960 DATA 254,225,40,35,254,240,40,89,254,224
16970 DATA 40,33,121,254,18,204,189,27,254,89
16980 DATA 204,189,27,254,20,204,198,27,254,17
16990 DATA 204,207,27,254,88,204,216,27,201,121
17000 DATA 254,240,200,175,201,121,254,107,200,254
17010 DATA 114,200,254,116,200,254,117,200,254,112
17020 DATA 200,254,108,200,254,125,200,254,122,200
17030 DATA 254,105,200,254,113,200,254,102,200,254
17040 DATA 90,200,254,17,200,254,20,200,254,74
17050 DATA 200,254,240,32,0,175,201,121,254,18
17060 DATA 204,171,27,254,20,204,177,27,254,17
17070 DATA 204,183,27,254,89,204,171,27,50,167
17080 DATA 255,175,201,33,183,254,203,182,201,33
17090 DATA 183,254,203,190,201,33,183,254,203,174
17100 DATA 201,33,183,254,62,64,174,119,175,201
17110 DATA 33,183,254,62,128,174,119,175,201,33
17120 DATA 183,254,62,32,174,119,175,201,33,183
17130 DATA 254,62,16,174,119,175,201,254,170,56
17140 DATA 2,175,201,33,29,28,87,205,23,28
17150 DATA 71,254,97,56,4,254,123,56,9,58
17160 DATA 183,254,203,119,120,200,24,15,58,183
17170 DATA 254,79,203,31,203,31,169,203,103,32
17180 DATA 2,120,201,122,33,199,28,205,23,28
17190 DATA 201,6,0,79,9,126,201,0,0,0
17200 DATA 165,0,0,0,0,0,0,168,166,0
17210 DATA 0,96,0,0,0,0,0,0,113,49
17220 DATA 0,0,0,122,115,97,119,50,0,0
17230 DATA 99,120,100,101,52,51,0,0,32,118
17240 DATA 102,116,114,53,0,0,110,98,104,103
17250 DATA 121,54,0,0,44,109,106,117,55,56
17260 DATA 0,0,44,107,105,111,48,57,0,0
17270 DATA 46,47,108,59,112,45,0,0,0,39
17280 DATA 0,91,61,0,0,0,0,13,93,0
17290 DATA 92,0,0,0,0,0,0,0,0,6
17300 DATA 0,0,8,0,4,9,0,0,0,1
17310 DATA 7,10,0,3,11,27,0,0,0,43
17320 DATA 45,42,57,0,0,0,0,0,167,0
17330 DATA 0,0,0,0,0,0,0,0,0,0
17340 DATA 0,0,0,0,0,0,0,0,0,0
17350 DATA 0,0,0,0,0,0,0,0,0,0
17360 DATA 0,0,0,0,0,0,0,0,0,0
17370 DATA 165,0,0,0,0,0,0,168,166,0
17380 DATA 0,126,0,0,0,0,0,0,81,33
17390 DATA 0,0,0,90,83,65,87,64,0,0
17400 DATA 67,88,68,69,36,35,0,0,32,86
17410 DATA 70,84,82,37,0,0,78,66,72,71
17420 DATA 89,94,0,0,34,77,74,85,38,42
17430 DATA 0,0,60,75,73,79,41,40,0,0
17440 DATA 62,63,76,58,80,95,0,0,0,34
17450 DATA 0,123,43,0,0,0,0,13,125,0
17460 DATA 124,0,0,0,0,0,0,0,0,6
17470 DATA 0,0,8,0,4,9,0,0,0,1
17480 DATA 7,10,0,3,11,27,0,0,0,43
17490 DATA 45,42,57,0,0,0,0,0,167,0
17500 DATA 0,0,0,0,0,0,0,0,0,0
17510 DATA 0,0,0,0,0,0,0,0,0,0
17520 DATA 0,0,0,0,0,0,0,0,0,0
17530 DATA 0,0,0,0,0,0,0,0,0,0
17540 DATA 0,0,0,0,0,0,0,0,0,0
17550 DATA 0,0,0,0,0,0,0,195,173,29
17560 DATA 0,20,19,18,18,17,16,16,13,13
17570 DATA 11,11,11,8,6,6,3,3,1,0
17580 DATA 0,219,128,33,136,29,95,22,0,25
17590 DATA 126,95,33,113,29,25,233,16,253,201
17600 DATA 197,6,190,205,157,29,193,16,247,201
17610 DATA 197,6,250,205,176,29,6,250,205,176
17620 DATA 29,6,250,205,176,29,6,250,205,176
17630 DATA 29,193,16,232,201,245,213,205,8,30
17640 DATA 209,205,46,30,241,201,183,71,230,240
17650 DATA 15,79,15,15,129,79,120,230,15,129
17660 DATA 201,38,255,36,214,100,48,251,198,100
17670 DATA 46,255,44,214,10,48,251,198,10,79
17680 DATA 125,7,7,7,7,177,111,201,1,0
17690 DATA 16,17,0,0,41,123,143,39,95,122
17700 DATA 143,39,87,121,143,39,79,16,241,235
17710 DATA 201,183,71,230,240,15,79,15,15,129
17720 DATA 79,120,230,15,129,201,121,205,91,30
17730 DATA 121,205,95,30,124,205,91,30,124,205
17740 DATA 95,30,125,205,91,30,125,24,26,31
17750 DATA 31,31,31,230,15,198,144,39,206,64
17760 DATA 39,18,19,201,125,205,69,30,125,24
17770 DATA 238,31,31,31,31,230,15,198,144,39
17780 DATA 206,64,39,18,19,201,38,0,111,30
17790 DATA 0,22,0,1,0,0,221,33,0,0
17800 DATA 34,119,255,237,83,121,255,237,67,123
17810 DATA 255,221,34,125,255,33,127,255,17,128
17820 DATA 255,54,32,1,18,0,237,176,237,67
17830 DATA 146,255,30,1,33,127,255,1,9,9
17840 DATA 175,5,40,41,43,182,40,249,13,23
17850 DATA 48,252,31,87,229,197,33,146,255,67
17860 DATA 203,18,126,143,39,119,43,16,249,48
17870 DATA 3,28,54,1,13,32,235,193,14,8
17880 DATA 225,43,86,16,225,33,147,255,75,183
17890 DATA 237,66,84,93,237,66,235,65,203,33
17900 DATA 62,48,237,111,254,48,32,6,13,19
17910 DATA 24,4,237,111,18,19,237,111,18,19
17920 DATA 35,16,245,237,66,201,235,33,127,255
17930 DATA 205,1,31,237,176,235,201,126,254,32
17940 DATA 192,35,24,249,6,8,111,203,21,31
17950 DATA 16,251,201,229,126,254,0,40,14,254
17960 DATA 48,56,6,254,58,56,9,254,57,246
17970 DATA 1,225,201,191,225,201,35,24,231,229
17980 DATA 126,254,0,40,20,254,48,56,12,254
17990 DATA 58,56,15,254,48,56,4,254,71,56
18000 DATA 7,246,1,225,201,191,225,201,35,24
18010 DATA 225,175,205,81,31,122,201,87,126,35
18020 DATA 214,58,198,10,208,95,122,135,135,130
18030 DATA 135,131,24,239,126,205,115,31,135,135
18040 DATA 135,135,87,35,126,205,115,31,178,35
18050 DATA 201,214,48,254,10,216,214,7,201,205
18060 DATA 98,31,71,205,98,31,79,201,126,35
18070 DATA 214,48,203,39,203,39,203,39,203,39
18080 DATA 71,126,35,214,48,176,201,79,205,164
18090 DATA 31,119,35,121,205,168,31,119,35,201
18100 DATA 31,31,31,31,246,240,39,198,160,206
18110 DATA 64,201,34,186,255,201,175,50,188,255
18120 DATA 50,186,255,50,187,255,201,58,186,255
18130 DATA 71,58,187,255,128,183,201,245,237,91
18140 DATA 186,255,235,58,188,255,79,6,0,9
18150 DATA 235,241,201,58,188,255,60,50,188,255
18160 DATA 201,205,201,31,205,217,31,126,18,35
18170 DATA 19,183,200,24,245,205,201,31,18,205
18180 DATA 217,31,19,175,18,201,38,0,111,245
18190 DATA 17,189,255,205,84,30,62,104,18,19
18200 DATA 175,18,33,189,255,205,113,14,205,209
18210 DATA 14,241,201,229,14,0,126,35,12,254
18220 DATA 0,32,249,13,225,121,184,200,120,145
18230 DATA 216,71,62,48,43,119,16,252,201,17
18240 DATA 211,254,126,18,254,0,200,19,35,24
18250 DATA 247,22,0,106,6,8,41,210,69,32
18260 DATA 25,16,249,201,33,0,0,87,89,25
18270 DATA 21,32,252,201,175,6,16,41,203,23
18280 DATA 187,56,2,147,44,16,246,201,33,166
18290 DATA 255,54,1,201,33,166,255,54,0,201
18300 DATA 205,125,32,183,200,50,167,255,205,87
18310 DATA 33,201,219,73,203,71,201,205,142,32
18320 DATA 183,200,205,150,32,201,205,102,32,175
18330 DATA 50,167,255,201,243,219,72,205,102,32
18340 DATA 251,201,254,225,200,254,240,200,254,224
18350 DATA 200,254,170,200,79,58,167,255,254,225
18360 DATA 40,35,254,240,40,89,254,224,40,33
18370 DATA 121,254,18,204,51,33,254,89,204,51
18380 DATA 33,254,20,204,60,33,254,17,204,69
18390 DATA 33,254,88,204,78,33,201,121,254,240
18400 DATA 200,175,201,121,254,107,200,254,114,200
18410 DATA 254,116,200,254,117,200,254,112,200,254
18420 DATA 108,200,254,125,200,254,122,200,254,105
18430 DATA 200,254,113,200,254,102,200,254,90,200
18440 DATA 254,17,200,254,20,200,254,74,200,254
18450 DATA 240,32,0,175,201,121,254,18,204,33
18460 DATA 33,254,20,204,39,33,254,17,204,45
18470 DATA 33,254,89,204,33,33,50,167,255,175
18480 DATA 201,33,183,254,203,182,201,33,183,254
18490 DATA 203,190,201,33,183,254,203,174,201,33
18500 DATA 183,254,62,64,174,119,175,201,33,183
18510 DATA 254,62,128,174,119,175,201,33,183,254
18520 DATA 62,32,174,119,175,201,33,183,254,62
18530 DATA 16,174,119,175,201,254,170,56,2,175
18540 DATA 201,33,147,33,87,205,141,33,71,254
18550 DATA 97,56,4,254,123,56,9,58,183,254
18560 DATA 203,119,120,200,24,15,58,183,254,79
18570 DATA 203,31,203,31,169,203,103,32,2,120
18580 DATA 201,122,33,61,34,205,141,33,201,6
18590 DATA 0,79,9,126,201,0,0,0,165,0
18600 DATA 0,0,0,0,0,168,166,0,0,96
18610 DATA 0,0,0,0,0,0,113,49,0,0
18620 DATA 0,122,115,97,119,50,0,0,99,120
18630 DATA 100,101,52,51,0,0,32,118,102,116
18640 DATA 114,53,0,0,110,98,104,103,121,54
18650 DATA 0,0,44,109,106,117,55,56,0,0
18660 DATA 44,107,105,111,48,57,0,0,46,47
18670 DATA 108,59,112,45,0,0,0,39,0,91
18680 DATA 61,0,0,0,0,13,93,0,92,0
18690 DATA 0,0,0,0,0,0,0,6,0,0
18700 DATA 8,0,4,9,0,0,0,1,7,10
18710 DATA 0,3,11,27,0,0,0,43,45,42
18720 DATA 57,0,0,0,0,0,167,0,0,0
18730 DATA 0,0,0,0,0,0,0,0,0,0
18740 DATA 0,0,0,0,0,0,0,0,0,0
18750 DATA 0,0,0,0,0,0,0,0,0,0
18760 DATA 0,0,0,0,0,0,0,0,165,0
18770 DATA 0,0,0,0,0,168,166,0,0,126
18780 DATA 0,0,0,0,0,0,81,33,0,0
18790 DATA 0,90,83,65,87,64,0,0,67,88
18800 DATA 68,69,36,35,0,0,32,86,70,84
18810 DATA 82,37,0,0,78,66,72,71,89,94
18820 DATA 0,0,34,77,74,85,38,42,0,0
18830 DATA 60,75,73,79,41,40,0,0,62,63
18840 DATA 76,58,80,95,0,0,0,34,0,123
18850 DATA 43,0,0,0,0,13,125,0,124,0
18860 DATA 0,0,0,0,0,0,0,6,0,0
18870 DATA 8,0,4,9,0,0,0,1,7,10
18880 DATA 0,3,11,27,0,0,0,43,45,42
18890 DATA 57,0,0,0,0,0,167,0,0,0
18900 DATA 0,0,0,0,0,0,0,0,0,0
18910 DATA 0,0,0,0,0,0,0,0,0,0
18920 DATA 0,0,0,0,0,0,0,0,0,0
18930 DATA 0,0,0,0,0,14,3,62,4,203
18940 DATA 39,203,39,203,39,203,39,6,15,176
18950 DATA 71,205,133,35,201,245,205,183,35,14
18960 DATA 0,205,133,35,241,201,245,205,183,35
18970 DATA 14,1,205,133,35,241,201,245,205,183
18980 DATA 35,14,2,205,133,35,241,201,245,205
18990 DATA 183,35,14,3,205,133,35,241,201,15
19000 DATA 229,245,6,4,205,64,14,225,245,229
19010 DATA 62,194,205,30,14,33,248,31,17,0
19020 DATA 128,183,237,90,193,126,31,203,24,23
19030 DATA 119,241,6,4,205,30,14,225,201,229
19040 DATA 6,4,205,64,14,245,62,194,205,30
19050 DATA 14,33,248,31,17,0,128,183,237,90
19060 DATA 126,203,127,40,4,203,191,24,2,203
19070 DATA 255,119,241,6,4,205,30,14,225,201
19080 DATA 50,74,255,201,58,74,255,238,1,50
19090 DATA 74,255,201,229,197,6,4,205,64,14
19100 DATA 193,245,197,62,194,6,4,205,30,14
19110 DATA 193,121,33,248,31,17,0,128,183,237
19120 DATA 90,119,35,120,119,241,197,6,4,205
19130 DATA 30,14,193,225,121,203,71,194,6,37
19140 DATA 195,82,39,229,6,4,205,64,14,245
19150 DATA 62,194,205,30,14,33,248,31,17,0
19160 DATA 128,183,237,90,126,230,3,79,35,126
19170 DATA 71,241,197,6,4,205,30,14,193,225
19180 DATA 121,201,205,183,35,203,71,194,12,37
19190 DATA 195,220,39,245,209,254,31,220,6,36
19200 DATA 40,6,205,249,35,205,87,36,201,103
19210 DATA 205,183,35,203,71,124,194,164,37,195
19220 DATA 118,40,245,213,205,18,38,209,241,254
19230 DATA 8,32,24,58,69,255,254,0,200,61
19240 DATA 50,69,255,213,241,48,27,62,32,50
19250 DATA 73,255,205,249,35,175,201,254,10,200
19260 DATA 254,13,32,17,205,18,38,205,106,36
19270 DATA 50,69,255,201,205,213,37,122,50,73
19280 DATA 255,175,201,205,139,36,126,254,0,40
19290 DATA 8,229,205,233,35,225,35,24,243,205
19300 DATA 173,36,201,245,229,33,71,255,58,69
19310 DATA 255,60,190,204,106,36,50,69,255,225
19320 DATA 241,201,33,72,255,58,70,255,60,190
19330 DATA 204,122,36,50,70,255,175,201,205,183
19340 DATA 35,203,71,202,121,40,203,79,204,146
19350 DATA 38,205,92,38,201,58,63,255,60,50
19360 DATA 63,255,254,1,192,229,6,4,205,64
19370 DATA 14,50,59,255,58,74,255,31,62,192
19380 DATA 48,2,62,12,205,30,14,225,201,58
19390 DATA 63,255,61,50,63,255,254,0,192,229
19400 DATA 6,4,58,59,255,205,30,14,225,201
19410 DATA 205,139,36,33,0,54,17,0,144,1
19420 DATA 0,10,237,176,205,173,36,201,121,22
19430 DATA 40,30,20,203,79,40,4,22,80,30
19440 DATA 40,122,50,71,255,123,50,72,255,201
19450 DATA 175,50,63,255,50,59,255,62,14,50
19460 DATA 67,255,62,4,50,68,255,205,212,36
19470 DATA 175,50,69,255,50,70,255,201,205,234
19480 DATA 36,205,194,36,58,71,255,103,58,72
19490 DATA 255,95,205,33,46,229,205,139,36,205
19500 DATA 183,35,193,203,79,40,14,33,0,128
19510 DATA 62,32,119,17,1,128,237,176,195,86
19520 DATA 37,33,0,128,17,0,132,195,70,37
19530 DATA 205,139,36,1,32,3,33,0,128,17
19540 DATA 0,132,62,32,119,197,205,107,37,193
19550 DATA 18,35,19,11,120,177,32,240,175,50
19560 DATA 69,255,50,70,255,205,173,36,201,203
19570 DATA 32,203,32,203,32,203,32,176,201,58
19580 DATA 68,255,71,58,67,255,205,97,37,201
19590 DATA 245,230,15,50,67,255,241,203,47,203
19600 DATA 47,203,47,203,47,230,15,50,68,255
19610 DATA 201,245,58,70,255,103,58,71,255,95
19620 DATA 205,33,46,17,0,128,25,22,0,58
19630 DATA 69,255,95,25,241,201,229,245,205,139
19640 DATA 36,205,139,37,241,119,229,205,183,35
19650 DATA 203,79,225,32,8,17,0,4,25,205
19660 DATA 107,37,119,225,205,173,36,201,245,205
19670 DATA 139,36,205,139,37,17,0,4,25,241
19680 DATA 119,205,173,36,201,205,183,35,203,71
19690 DATA 32,7,22,147,58,68,255,95,201,205
19700 DATA 139,36,205,139,37,126,245,205,183,35
19710 DATA 254,3,209,40,10,122,17,0,4,25
19720 DATA 87,126,95,24,2,30,0,98,107,205
19730 DATA 173,36,84,93,201,187,200,123,15,15
19740 DATA 15,15,205,196,37,201,205,183,35,203
19750 DATA 71,40,4,203,79,40,5,58,73,255
19760 DATA 24,10,205,213,37,205,107,37,205,7
19770 DATA 38,201,205,249,35,201,205,213,37,213
19780 DATA 205,183,35,209,203,79,32,19,203,71
19790 DATA 40,11,205,107,37,15,15,15,15,205
19800 DATA 7,38,201,62,147,24,9,122,254,147
19810 DATA 200,50,73,255,62,147,205,249,35,201
19820 DATA 205,139,36,58,71,255,38,0,111,17
19830 DATA 0,128,25,229,213,103,58,72,255,61
19840 DATA 95,205,33,46,68,77,209,225,197,237
19850 DATA 176,209,33,0,128,25,58,71,255,71
19860 DATA 62,32,119,35,16,252,205,173,36,58
19870 DATA 72,255,61,201,205,139,36,33,40,132
19880 DATA 17,0,132,1,248,2,237,176,205,107
19890 DATA 37,33,248,134,6,40,119,35,16,252
19900 DATA 205,173,36,201,58,63,255,60,50,63
19910 DATA 255,254,1,192,229,6,2,205,64,14
19920 DATA 50,59,255,6,3,205,64,14,50,60
19930 DATA 255,58,74,255,31,56,16,62,192,6
19940 DATA 2,205,30,14,62,193,6,3,205,30
19950 DATA 14,225,201,62,196,6,2,205,30,14
19960 DATA 62,197,6,3,205,30,14,225,201,58
19970 DATA 63,255,60,50,63,255,254,1,192,229
19980 DATA 6,2,205,64,14,50,59,255,6,3
19990 DATA 205,64,14,50,60,255,58,74,255,31
20000 DATA 56,16,62,194,6,2,205,30,14,62
20010 DATA 195,6,3,205,30,14,225,201,62,198
20020 DATA 6,2,205,30,14,62,199,6,3,205
20030 DATA 30,14,225,201,58,63,255,254,0,200
20040 DATA 61,50,63,255,254,0,192,229,6,2
20050 DATA 58,59,255,205,30,14,6,3,58,60
20060 DATA 255,205,30,14,225,201,205,234,36,205
20070 DATA 220,39,175,201,245,229,213,183,17,64
20080 DATA 1,237,82,48,15,209,213,235,17,200
20090 DATA 0,237,82,48,5,209,225,241,55,201
20100 DATA 209,225,241,183,201,205,90,39,208,229
20110 DATA 245,123,254,102,56,39,32,22,229,1
20120 DATA 128,0,183,237,66,71,124,183,120,225
20130 DATA 32,23,62,103,17,64,1,183,237,82
20140 DATA 214,103,17,192,0,183,237,90,245,205
20150 DATA 241,38,241,24,5,245,205,176,38,241
20160 DATA 17,0,64,203,60,203,29,25,229,17
20170 DATA 160,0,205,45,46,209,25,193,209,126
20180 DATA 203,67,40,4,230,240,24,10,203,0
20190 DATA 203,0,203,0,203,0,230,15,176,119
20200 DATA 205,50,39,201,205,176,38,33,0,64
20210 DATA 17,1,64,1,255,63,175,119,237,176
20220 DATA 205,50,39,205,241,38,33,0,64,17
20230 DATA 1,64,1,255,60,175,119,237,176,205
20240 DATA 50,39,175,50,69,255,50,70,255,201
20250 DATA 197,18,19,11,103,120,177,124,32,247
20260 DATA 45,125,183,124,193,32,239,201,229,245
20270 DATA 123,254,102,56,37,32,22,229,1,128
20280 DATA 0,183,237,66,71,124,183,120,225,32
20290 DATA 21,62,103,17,64,1,183,237,82,214
20300 DATA 103,17,192,0,25,245,205,241,38,241
20310 DATA 24,5,245,205,176,38,241,17,0,64
20320 DATA 203,60,203,29,25,17,160,0,205,45
20330 DATA 46,193,209,126,203,67,40,4,230,15
20340 DATA 24,10,203,7,203,7,203,7,203,7
20350 DATA 230,15,245,205,50,39,241,201,195,127
20360 DATA 41,201,6,2,58,63,255,60,50,63
20370 DATA 255,254,1,192,229,14,4,33,59,255
20380 DATA 197,229,205,64,14,225,119,35,4,13
20390 DATA 32,245,193,14,4,58,74,255,31,62
20400 DATA 8,48,2,62,12,197,205,30,14,193
20410 DATA 60,4,13,32,246,225,201,6,2,58
20420 DATA 63,255,254,0,200,61,50,63,255,254
20430 DATA 0,192,229,33,59,255,14,4,126,229
20440 DATA 197,205,30,14,193,225,4,35,13,32
20450 DATA 243,225,201,62,80,229,205,45,46,235
20460 DATA 225,14,8,205,131,46,25,17,0,64
20470 DATA 25,79,62,7,145,6,1,183,40,5
20480 DATA 203,16,61,24,249,120,201,245,229,213
20490 DATA 183,17,128,2,237,82,48,15,209,213
20500 DATA 235,17,144,1,237,82,209,225,48,3
20510 DATA 241,55,201,241,175,201,205,247,40,208
20520 DATA 245,229,213,205,122,40,209,225,205,213
20530 DATA 40,209,95,58,68,255,186,40,5,126
20540 DATA 179,119,24,6,123,47,95,126,163,119
20550 DATA 205,177,40,201,205,247,40,208,205,122
20560 DATA 40,209,225,241,205,213,40,95,126,163
20570 DATA 254,0,40,2,62,1,245,205,177,40
20580 DATA 241,201,245,229,213,205,183,35,209,225
20590 DATA 241,229,213,221,33,111,41,221,229,203
20600 DATA 73,194,20,41,195,121,39,209,225,201
20610 DATA 213,205,183,35,209,203,73,194,58,41
20620 DATA 195,28,40,245,30,8,58,69,255,103
20630 DATA 205,33,46,229,30,10,58,70,255,103
20640 DATA 205,33,46,209,235,241,229,213,183,33
20650 DATA 0,54,22,0,95,237,90,14,10,235
20660 DATA 26,6,8,203,39,103,56,5,58,68
20670 DATA 255,24,3,58,67,255,217,209,225,205
20680 DATA 86,41,35,229,213,217,124,16,230,217
20690 DATA 209,225,6,0,14,8,183,237,66,19
20700 DATA 229,213,217,20,13,32,209,209,225,201
20710 DATA 103,58,70,255,245,124,50,70,255,245
20720 DATA 205,183,35,241,203,73,6,78,32,2
20730 DATA 6,38,62,32,197,205,233,35,193,16
20740 DATA 247,62,32,205,249,35,175,50,69,255
20750 DATA 241,50,70,255,201,197,221,229,58,187
20760 DATA 254,230,1,40,17,213,229,229,213,229
20770 DATA 213,205,147,1,42,1,254,205,147,1
20780 DATA 225,209,58,187,254,230,2,40,6,58
20790 DATA 67,255,205,86,41,221,225,193,201,205
20800 DATA 147,1,205,220,39,201,221,33,2,0
20810 DATA 221,57,221,102,5,221,110,4,221,86
20820 DATA 3,221,94,2,221,70,1,221,78,0
20830 DATA 229,33,0,128,183,237,66,48,10,175
20840 DATA 145,79,159,144,71,225,237,66,229,225
20850 DATA 229,213,205,3,42,209,225,35,11,121
20860 DATA 176,32,243,205,147,1,209,33,6,0
20870 DATA 57,249,235,233,221,33,2,0,221,57
20880 DATA 221,102,5,221,110,4,221,86,3,221
20890 DATA 94,2,221,70,1,221,78,0,229,33
20900 DATA 0,128,183,237,66,48,10,175,145,79
20910 DATA 159,144,71,235,237,66,235,225,229,213
20920 DATA 205,3,42,209,225,19,11,121,176,32
20930 DATA 243,205,147,1,209,33,6,0,57,249
20940 DATA 235,233,221,33,2,0,221,57,221,102
20950 DATA 5,221,110,4,221,86,1,221,94,0
20960 DATA 183,237,82,32,23,221,70,7,221,78
20970 DATA 6,197,213,221,102,3,221,110,2,237
20980 DATA 66,229,205,54,42,195,141,44,221,102
20990 DATA 7,221,110,6,221,86,3,221,94,2
21000 DATA 183,237,82,32,23,213,221,70,5,221
21010 DATA 78,4,197,221,102,1,221,110,0,237
21020 DATA 66,229,205,122,42,195,141,44,56,4
21030 DATA 175,61,24,13,213,225,221,86,7,221
21040 DATA 94,6,183,237,82,62,1,6,0,14
21050 DATA 0,197,229,254,1,40,2,6,255,79
21060 DATA 197,221,102,5,221,110,4,221,86,1
21070 DATA 221,94,0,183,237,82,56,4,175,61
21080 DATA 24,15,213,225,221,86,5,221,94,4
21090 DATA 183,237,82,6,0,62,1,254,1,40
21100 DATA 2,6,255,79,229,197,253,33,0,0
21110 DATA 253,57,253,86,7,253,94,6,183,237
21120 DATA 82,218,0,44,202,0,44,25,68,77
21130 DATA 203,56,203,25,33,0,0,237,66,253
21140 DATA 116,9,253,117,8,221,86,5,221,94
21150 DATA 4,221,102,7,221,110,6,213,221,229
21160 DATA 229,213,205,3,42,209,225,221,225,209
21170 DATA 221,102,1,221,110,0,237,82,202,136
21180 DATA 44,253,70,1,253,78,0,235,9,221
21190 DATA 116,5,221,117,4,253,86,9,253,94
21200 DATA 8,253,102,7,253,110,6,25,253,116
21210 DATA 9,253,117,8,235,33,0,128,237,82
21220 DATA 56,179,253,70,5,253,78,4,221,102
21230 DATA 7,221,110,6,9,221,116,7,221,117
21240 DATA 6,253,102,9,253,110,8,253,70,3
21250 DATA 253,78,2,237,66,253,116,9,253,117
21260 DATA 8,195,137,43,25,66,75,203,56,203
21270 DATA 25,33,0,0,237,66,253,116,9,253
21280 DATA 117,8,221,86,5,221,94,4,221,102
21290 DATA 7,221,110,6,229,221,229,229,213,205
21300 DATA 3,42,209,225,221,225,209,221,102,3
21310 DATA 221,110,2,237,82,40,83,235,253,70
21320 DATA 5,253,78,4,9,221,116,7,221,117
21330 DATA 6,253,86,9,253,94,8,253,102,3
21340 DATA 253,110,2,25,253,116,9,253,117,8
21350 DATA 235,33,0,128,237,82,56,180,253,70
21360 DATA 1,253,78,0,221,102,5,221,110,4
21370 DATA 9,221,116,5,221,117,4,253,102,9
21380 DATA 253,110,8,253,70,7,253,78,6,237
21390 DATA 66,253,116,9,253,117,8,195,18,44
21400 DATA 33,10,0,57,249,209,33,8,0,57
21410 DATA 249,235,233,225,213,213,213,213,213,229
21420 DATA 221,33,2,0,221,57,175,221,86,11
21430 DATA 221,94,10,221,114,1,221,115,0,33
21440 DATA 1,0,221,116,7,221,117,6,221,116
21450 DATA 3,221,116,2,237,82,221,116,9,221
21460 DATA 117,8,235,41,235,33,0,0,237,82
21470 DATA 221,116,5,221,117,4,221,102,13,221
21480 DATA 110,12,229,221,86,11,221,94,10,213
21490 DATA 25,221,86,15,221,94,14,213,235,205
21500 DATA 3,42,209,193,225,229,197,213,175,237
21510 DATA 66,235,205,3,42,225,193,209,213,197
21520 DATA 229,175,237,74,205,3,42,225,193,209
21530 DATA 175,237,66,205,3,42,221,102,3,221
21540 DATA 110,2,221,86,1,221,94,0,175,237
21550 DATA 82,210,22,46,25,229,213,33,0,0
21560 DATA 175,221,126,9,254,80,48,38,40,36
21570 DATA 209,27,221,114,1,221,115,0,213,221
21580 DATA 102,5,221,110,4,35,35,221,116,5
21590 DATA 221,117,4,221,86,9,221,94,8,25
21600 DATA 221,116,9,221,117,8,193,225,35,221
21610 DATA 116,3,221,117,2,229,221,102,7,221
21620 DATA 110,6,35,35,221,116,7,221,117,6
21630 DATA 221,86,9,221,94,8,25,221,116,9
21640 DATA 221,117,8,225,229,221,86,15,221,94
21650 DATA 14,213,25,235,221,102,13,221,110,12
21660 DATA 9,235,205,3,42,225,209,213,229,175
21670 DATA 237,82,235,221,102,13,221,110,12,9
21680 DATA 235,205,3,42,225,209,213,229,25,235
21690 DATA 221,102,13,221,110,12,175,237,66,235
21700 DATA 205,3,42,225,209,213,229,175,237,82
21710 DATA 235,221,102,13,221,110,12,175,237,66
21720 DATA 235,205,3,42,225,209,197,229,213,9
21730 DATA 193,235,221,102,13,221,110,12,9,235
21740 DATA 205,3,42,225,209,213,229,175,237,82
21750 DATA 235,221,102,13,221,110,12,9,235,205
21760 DATA 3,42,225,209,213,229,25,235,221,102
21770 DATA 13,221,110,12,175,237,66,229,235,205
21780 DATA 3,42,193,225,209,175,237,82,235,197
21790 DATA 225,235,205,3,42,195,16,45,205,147
21800 DATA 1,209,33,16,0,57,249,235,233,22
21810 DATA 0,106,6,8,41,48,1,25,16,250
21820 DATA 201,46,0,6,8,41,135,48,1,25
21830 DATA 16,249,201,33,0,0,120,6,16,41
21840 DATA 203,33,23,48,1,25,16,247,201,213
21850 DATA 121,72,33,0,0,6,16,41,23,203
21860 DATA 17,48,7,25,206,0,210,94,46,12
21870 DATA 16,241,65,79,209,201,175,6,8,203
21880 DATA 19,23,145,48,1,129,16,247,71,123
21890 DATA 23,47,201,175,6,8,203,34,23,187
21900 DATA 56,2,147,20,16,246,201,175,6,16
21910 DATA 41,23,56,3,185,56,2,145,44,16
21920 DATA 245,201,33,0,0,120,6,8,23,237
21930 DATA 106,237,82,48,1,25,16,246,23,47
21940 DATA 71,121,72,6,8,23,237,106,237,82
21950 DATA 48,1,25,16,246,23,47,65,79,201
21960 DATA 25,217,237,90,217,201,17,64,0,125
21970 DATA 108,98,183,6,8,237,82,48,1,25
21980 DATA 63,203,18,135,237,106,135,237,106,16
21990 DATA 240,201,58,165,255,71,15,15,15,238
22000 DATA 31,128,222,255,50,165,255,201,14,0
22010 DATA 6,0,22,0,126,183,200,12,22,0
22020 DATA 35,20,120,186,48,1,66,126,183,32
22030 DATA 245,35,24,236,221,229,197,205,37,5
22040 DATA 193,221,225,201,58,168,255,7,7,7
22050 DATA 7,50,168,255,42,169,255,34,3,254
22060 DATA 42,171,255,34,1,254,201,254,0,40
22070 DATA 5,205,12,47,24,12,42,169,255,34
22080 DATA 1,254,42,171,255,34,3,254,58,168
22090 DATA 255,245,230,15,50,67,255,241,7,7
22100 DATA 7,7,230,15,50,68,255,201,254,0
22110 DATA 200,205,12,47,42,169,255,34,1,254
22120 DATA 42,171,255,34,3,254,201,245,229,213
22130 DATA 205,252,4,205,232,46,197,221,33,0
22140 DATA 0,221,57,197,205,107,37,193,245,42
22150 DATA 1,254,229,42,3,254,229,62,0,205
22160 DATA 35,47,33,211,254,229,4,54,139,35
22170 DATA 54,129,16,251,35,54,138,35,54,0
22180 DATA 225,205,2,47,6,1,221,102,5,221
22190 DATA 110,4,17,211,254,62,130,18,221,126
22200 DATA 7,184,62,32,32,2,62,197,19,18
22210 DATA 14,0,126,19,183,40,5,18,35,12
22220 DATA 24,246,229,197,221,126,1,145,71,254
22230 DATA 0,40,6,62,32,18,19,16,252,193
22240 DATA 62,130,18,19,175,18,221,86,3,221
22250 DATA 126,2,128,4,95,205,252,4,197,221
22260 DATA 126,7,60,184,62,0,32,1,60,245
22270 DATA 205,35,47,33,211,254,205,2,47,241
22280 DATA 205,76,47,193,225,35,126,183,32,158
22290 DATA 221,70,1,221,78,0,205,35,47,33
22300 DATA 211,254,229,54,137,4,35,54,129,16
22310 DATA 251,35,54,136,35,54,0,221,86,3
22320 DATA 221,126,2,129,60,95,205,252,4,225
22330 DATA 205,2,47,225,34,3,254,225,34,1
22340 DATA 254,241,205,118,37,193,209,225,241,201
22350 DATA 229,213,245,205,95,47,205,15,4,193
22360 DATA 254,11,32,11,120,254,1,197,40,242
22370 DATA 241,61,245,24,20,254,10,32,21,209
22380 DATA 225,229,213,197,205,232,46,241,185,245
22390 DATA 40,220,241,60,245,241,209,225,24,206
22400 DATA 254,13,197,32,207,193,120,209,225,201
22410 DATA 0,0,0,0,0,0,0,0,0,0
22420 DATA 0,0,0,0,0,0,0,0,0,0
22430 DATA 0,0,0,0,0,0,0,0,0,0
22440 DATA 0,0,0,0,0,0,0,0,0,0
22450 DATA 0,0,0,0,0,0,0,0,0,0
22460 DATA 0,0,0,0,0,0,0,0,0,0
22470 DATA 0,0,0,0,0,0,0,0,0,0
22480 DATA 0,0,0,0,0,0,0,0,0,0
22490 DATA 0,0,0,0,0,0,0,0,0,0
22500 DATA 0,0,0,0,0,0,0,0,0,0
22510 DATA 0,0,0,0,0,0,0,0,0,0
22520 DATA 0,0,0,0,0,0,0,0,0,0
22530 DATA 0,0,0,0,0,0,0,0,0,0
22540 DATA 0,0,0,0,0,0,0,0,0,0
22550 DATA 0,0,0,0,0,0,0,0,0,0
22560 DATA 0,0,0,0,0,0,0,0,0,0
22570 DATA 0,0,0,0,0,0,0,0,0,0
22580 DATA 0,0,0,0,0,0,0,0,0,0
22590 DATA 0,0,0,0,0,0,0,0,0,0
22600 DATA 0,0,0,0,0,0,0,0,0,0
22610 DATA 0,0,0,0,0,0,0,0,0,0
22620 DATA 0,0,0,0,0,0,0,0,0,0
22630 DATA 0,0,0,0,0,0,0,0,0,0
22640 DATA 0,0,0,0,0,0,0,0,0,0
22650 DATA 0,0,0,0,0,0,0,0,0,0
22660 DATA 0,0,0,0,0,0,0,0,0,0
22670 DATA 0,0,0,0,0,0,0,0,0,0
22680 DATA 0,0,0,0,0,0,0,0,0,0
22690 DATA 0,0,0,0,0,0,0,0,0,0
22700 DATA 0,0,0,0,0,0,0,0,0,0
22710 DATA 0,0,0,0,0,0,0,0,0,0
22720 DATA 0,0,0,0,0,0,0,0,0,0
22730 DATA 0,0,0,0,0,0,0,0,0,0
22740 DATA 0,0,0,0,0,0,0,0,0,0
22750 DATA 0,0,0,0,0,0,0,0,0,0
22760 DATA 0,0,0,0,0,0,0,0,0,0
22770 DATA 0,0,0,0,0,0,0,0,0,0
22780 DATA 0,0,0,0,0,0,0,0,0,0
22790 DATA 0,0,0,0,0,0,0,0,0,0
22800 DATA 0,0,0,0,0,0,0,0,0,0
22810 DATA 0,0,0,0,0,0,0,0,0,0
22820 DATA 0,0,0,0,0,0,0,0,0,0
22830 DATA 0,0,0,0,0,0,0,0,0,0
22840 DATA 0,0,0,0,0,0,0,0,0,0
22850 DATA 0,0,0,0,0,0,0,0,0,0
22860 DATA 0,0,0,0,0,0,0,0,0,0
22870 DATA 0,0,0,0,0,0,0,0,0,0
22880 DATA 0,0,0,0,0,0,0,0,0,0
22890 DATA 0,0,0,0,0,0,0,0,0,0
22900 DATA 0,0,0,0,0,0,0,0,0,0
22910 DATA 0,0,0,0,0,0,0,0,0,0
22920 DATA 0,0,0,0,0,0,0,0,0,0
22930 DATA 0,0,0,0,0,0,0,0,0,0
22940 DATA 0,0,0,0,0,0,0,0,0,0
22950 DATA 0,0,0,0,0,0,0,0,0,0
22960 DATA 0,0,0,0,0,0,0,0,0,0
22970 DATA 0,0,0,0,0,0,0,0,0,0
22980 DATA 0,0,0,0,0,0,0,0,0,0
22990 DATA 0,0,0,0,0,0,0,0,0,0
23000 DATA 0,0,0,0,0,0,0,0,0,0
23010 DATA 0,0,0,0,0,0,0,0,0,0
23020 DATA 0,0,0,0,0,0,0,0,0,0
23030 DATA 0,0,0,0,0,0,0,0,0,0
23040 DATA 0,0,0,0,0,0,0,0,0,0
23050 DATA 0,0,0,0,0,0,0,0,0,0
23060 DATA 0,0,0,0,0,0,0,0,0,0
23070 DATA 0,0,0,0,0,0,0,0,0,0
23080 DATA 0,0,0,0,0,0,0,0,0,0
23090 DATA 0,0,0,0,0,0,0,0,0,0
23100 DATA 0,0,0,0,0,0,0,0,0,0
23110 DATA 0,0,0,0,0,0,0,0,0,0
23120 DATA 0,0,0,0,0,0,0,0,0,0
23130 DATA 0,0,0,0,0,0,0,0,0,0
23140 DATA 0,0,0,0,0,0,0,0,0,0
23150 DATA 0,0,0,0,0,0,0,0,0,0
23160 DATA 0,0,0,0,0,0,0,0,0,0
23170 DATA 0,0,0,0,0,0,0,0,0,0
23180 DATA 0,0,0,0,0,0,0,0,0,0
23190 DATA 0,0,0,0,0,0,0,0,0,0
23200 DATA 0,0,0,0,0,0,0,0,0,0
23210 DATA 0,0,0,0,0,0,0,0,0,0
23220 DATA 0,0,0,0,0,0,0,0,0,0
23230 DATA 0,0,0,0,0,0,0,0,0,0
23240 DATA 0,0,0,0,0,0,0,0,0,0
23250 DATA 0,0,0,0,0,0,0,0,0,0
23260 DATA 0,0,0,0,0,0,0,0,0,0
23270 DATA 0,0,0,0,0,0,0,0,0,0
23280 DATA 0,0,0,0,0,0,0,0,0,0
23290 DATA 0,0,0,0,0,0,0,0,0,0
23300 DATA 0,0,0,0,0,0,0,0,0,0
23310 DATA 0,0,0,0,0,0,0,0,0,0
23320 DATA 0,0,0,0,0,0,0,0,0,0
23330 DATA 0,0,0,0,0,0,0,0,0,0
23340 DATA 0,0,0,0,0,0,0,0,0,0
23350 DATA 0,0,0,0,0,0,0,0,0,0
23360 DATA 0,0,0,0,0,0,0,0,0,0
23370 DATA 0,0,0,0,0,0,0,0,0,0
23380 DATA 0,0,0,0,0,0,0,0,0,0
23390 DATA 0,0,0,0,0,0,0,0,0,0
23400 DATA 0,0,0,0,0,0,0,0,0,0
23410 DATA 0,0,0,0,0,0,0,0,0,0
23420 DATA 0,0,0,0,0,0,0,0,0,0
23430 DATA 0,0,0,0,0,0,0,0,0,0
23440 DATA 0,0,0,0,0,0,0,0,0,0
23450 DATA 0,0,0,0,0,0,0,0,0,0
23460 DATA 0,0,0,0,0,0,0,0,0,0
23470 DATA 0,0,0,0,0,0,0,0,0,0
23480 DATA 0,0,0,0,0,0,0,0,0,0
23490 DATA 0,0,0,0,0,0,0,0,0,0
23500 DATA 0,0,0,0,0,0,0,0,0,0
23510 DATA 0,0,0,0,0,0,0,0,0,0
23520 DATA 0,0,0,0,0,0,0,0,0,0
23530 DATA 0,0,0,0,0,0,0,0,0,0
23540 DATA 0,0,0,0,0,0,0,0,0,0
23550 DATA 0,0,0,0,0,0,0,0,0,0
23560 DATA 0,0,0,0,0,0,0,0,0,0
23570 DATA 0,0,0,0,0,0,0,0,0,0
23580 DATA 0,0,0,0,0,0,0,0,0,0
23590 DATA 0,0,0,0,0,0,0,0,0,0
23600 DATA 0,0,0,0,0,0,0,0,0,0
23610 DATA 0,0,0,0,0,0,0,0,0,0
23620 DATA 0,0,0,0,0,0,0,0,0,0
23630 DATA 0,0,0,0,0,0,0,0,0,0
23640 DATA 0,0,0,0,0,0,0,0,0,0
23650 DATA 0,0,0,0,0,0,0,0,0,0
23660 DATA 0,0,0,0,0,0,0,0,0,0
23670 DATA 0,0,0,0,0,0,0,0,0,0
23680 DATA 0,0,0,0,0,0,0,0,0,0
23690 DATA 0,0,0,0,0,0,0,0,0,0
23700 DATA 0,0,0,0,0,0,0,0,0,0
23710 DATA 0,0,0,0,0,0,0,0,0,0
23720 DATA 0,0,0,0,0,0,0,0,0,0
23730 DATA 0,0,0,0,0,0,0,0,0,0
23740 DATA 0,0,0,0,0,0,0,0,0,0
23750 DATA 0,0,0,0,0,0,0,0,0,0
23760 DATA 0,0,0,0,0,0,0,0,0,0
23770 DATA 0,0,0,0,0,0,0,0,0,0
23780 DATA 0,0,0,0,0,0,0,0,0,0
23790 DATA 0,0,0,0,0,0,0,0,0,0
23800 DATA 0,0,0,0,0,0,0,0,0,0
23810 DATA 0,0,0,0,0,0,0,0,0,0
23820 DATA 0,0,0,0,0,240,15,255,0,240
23830 DATA 15,255,0,240,15,255,0,240,15,255
23840 DATA 0,240,15,255,0,240,15,255,0,240
23850 DATA 15,255,0,240,15,255,0,0,0,0
23860 DATA 0,0,0,0,0,0,0,0,0,0
23870 DATA 0,0,0,0,0,0,0,0,0,0
23880 DATA 0,0,0,0,0,0,0,0,0,0
23890 DATA 0,0,0,0,0,0,0,0,0,0
23900 DATA 0,0,0,0,0,0,0,0,0,0
23910 DATA 0,0,0,0,0,0,0,0,0,0
23920 DATA 0,0,0,0,0,0,0,0,0,0
23930 DATA 0,0,0,0,0,0,0,0,0,0
23940 DATA 0,0,0,0,0,0,0,0,0,0
23950 DATA 0,0,0,0,8,8,8,0,8,8
23960 DATA 8,8,0,0,8,8,0,0,128,1
23970 DATA 170,255,126,0,192,0,0,0,255,30
23980 DATA 128,2,240,3,0,0,0,0,0,0
23990 DATA 0,0,0,0,0,0,0,0,0,0
24000 DATA 0,0,0,0,0,0,0,0,0,0
24010 DATA 0,0,0,0,0,0,0,0,0,0
24020 DATA 0,0,0,0,0,0,0,0,0,16
24030 DATA 0,20,0,0,16,0,0,0,0,0
24040 DATA 0,16,0,20,0,0,16,0,20,0
24050 DATA 24,0,0,24,24,48,24,24,0,0
24060 DATA 0,0,0,0,0,0,0,0,0,0
24070 DATA 0,0,12,0,0,0,0,0,0,126
24080 DATA 0,240,15,255,0,240,15,255,0,240
24090 DATA 15,255,0,240,15,255,0,240,15,255
24100 DATA 0,240,15,255,0,240,15,255,0,240
24110 DATA 15,255,0,16,18,40,16,96,32,4
24120 DATA 16,16,16,0,0,0,0,0,56,16
24130 DATA 56,124,8,124,28,124,56,56,0,0
24140 DATA 8,0,32,56,60,24,124,60,124,126
24150 DATA 126,60,66,56,2,66,64,66,66,60
24160 DATA 124,60,124,60,254,66,66,66,68,68
24170 DATA 124,12,0,24,16,0,32,0,64,0
24180 DATA 4,0,8,0,64,0,0,64,16,0
24190 DATA 0,0,0,0,0,0,0,0,0,0
24200 DATA 0,0,0,16,16,16,0,124,0,0
24210 DATA 8,8,8,0,8,8,8,8,0,0
24220 DATA 8,8,0,0,192,3,170,255,126,0
24230 DATA 176,0,0,0,0,6,64,4,192,13
24240 DATA 124,0,0,0,56,0,0,0,0,0
24250 DATA 0,0,96,0,0,0,0,126,0,0
24260 DATA 0,56,0,0,0,0,0,60,56,56
24270 DATA 16,56,126,16,126,0,16,0,32,32
24280 DATA 96,8,16,8,32,40,40,40,8,32
24290 DATA 40,8,32,16,0,8,32,40,40,40
24300 DATA 8,32,40,40,40,0,66,60,24,24
24310 DATA 126,56,60,66,16,16,68,16,16,58
24320 DATA 0,62,0,0,4,254,0,0,16,126
24330 DATA 0,16,40,48,0,126,0,240,15,255
24340 DATA 0,240,15,255,0,240,15,255,0,240
24350 DATA 15,255,0,240,15,255,0,240,15,255
24360 DATA 0,240,15,255,0,240,15,255,0,16
24370 DATA 36,40,60,100,80,8,32,8,84,16
24380 DATA 0,0,0,4,68,48,68,4,24,64
24390 DATA 32,4,68,68,0,0,16,0,16,68
24400 DATA 66,36,66,66,34,64,64,66,66,16
24410 DATA 2,68,64,102,98,66,66,66,66,66
24420 DATA 16,66,66,66,68,68,4,8,64,8
24430 DATA 56,0,16,0,64,0,4,0,16,0
24440 DATA 64,16,16,64,16,0,0,0,0,0
24450 DATA 0,0,16,0,0,0,0,0,0,32
24460 DATA 16,8,0,124,0,0,8,8,8,0
24470 DATA 8,8,8,8,0,0,8,8,0,0
24480 DATA 224,7,170,255,126,126,140,0,0,0
24490 DATA 0,10,32,8,160,49,68,0,56,16
24500 DATA 64,0,0,0,0,0,124,0,16,0
24510 DATA 0,0,0,66,0,0,0,68,0,0
24520 DATA 0,0,124,66,16,16,16,68,34,40
24530 DATA 36,16,16,16,96,96,16,0,0,16
24540 DATA 16,0,0,0,16,16,0,16,16,40
24550 DATA 40,16,16,0,0,0,16,16,0,0
24560 DATA 0,0,98,66,36,36,64,16,66,66
24570 DATA 56,56,238,56,0,68,0,80,0,0
24580 DATA 8,130,16,68,24,144,0,40,40,72
24590 DATA 0,126,0,0,0,0,240,240,240,240
24600 DATA 15,15,15,15,255,255,255,255,0,0
24610 DATA 0,0,240,240,240,240,15,15,15,15
24620 DATA 255,255,255,255,0,16,72,124,80,8
24630 DATA 80,16,64,4,56,16,0,0,0,8
24640 DATA 76,16,4,8,40,120,64,8,68,68
24650 DATA 0,0,32,124,8,8,78,66,66,64
24660 DATA 34,64,64,64,66,16,2,72,64,90
24670 DATA 82,66,66,66,66,64,16,66,66,66
24680 DATA 40,40,8,8,32,8,84,0,8,56
24690 DATA 120,60,60,56,16,60,120,0,0,72
24700 DATA 16,236,120,56,120,60,92,60,56,68
24710 DATA 68,130,68,68,124,32,16,8,0,124
24720 DATA 0,0,8,8,8,0,8,8,8,8
24730 DATA 0,0,16,4,0,0,240,15,85,255
24740 DATA 126,126,130,0,24,24,0,18,18,144
24750 DATA 144,65,64,52,68,84,56,28,40,68
24760 DATA 88,16,32,36,16,68,68,56,124,0
24770 DATA 56,60,124,68,40,56,68,68,32,66
24780 DATA 124,146,40,130,16,40,36,32,16,8
24790 DATA 32,32,48,8,16,56,56,56,56,56
24800 DATA 56,56,56,0,0,0,0,56,56,56
24810 DATA 56,56,68,68,68,68,120,60,82,64
24820 DATA 32,66,64,16,66,66,84,124,254,124
24830 DATA 56,76,58,144,108,0,8,68,0,56
24840 DATA 36,144,108,68,40,48,0,126,0,0
24850 DATA 0,0,240,240,240,240,15,15,15,15
24860 DATA 255,255,255,255,0,0,0,0,240,240
24870 DATA 240,240,15,15,15,15,255,255,255,255
24880 DATA 0,16,0,40,56,16,32,0,64,4
24890 DATA 16,124,0,124,0,16,84,16,24,24
24900 DATA 72,4,120,16,56,60,0,0,64,0
24910 DATA 4,16,82,126,124,64,34,124,124,64
24920 DATA 126,16,2,112,64,90,74,66,124,66
24930 DATA 124,60,16,66,36,90,16,16,16,8
24940 DATA 16,8,16,0,0,4,68,64,68,68
24950 DATA 56,68,68,16,16,80,16,146,68,68
24960 DATA 68,68,96,64,16,68,68,130,40,68
24970 DATA 8,64,0,4,50,124,0,255,8,255
24980 DATA 255,255,248,15,248,15,248,15,224,3
24990 DATA 224,3,248,31,85,255,126,126,140,126
25000 DATA 36,60,0,32,10,160,8,49,64,72
25010 DATA 120,84,68,32,84,36,100,16,120,40
25020 DATA 40,68,36,68,40,24,68,72,16,124
25030 DATA 68,68,36,36,64,90,146,146,40,130
25040 DATA 8,68,36,124,16,124,44,36,20,8
25050 DATA 16,4,4,4,4,4,68,68,68,16
25060 DATA 16,16,16,68,68,68,68,68,68,68
25070 DATA 68,68,68,64,74,64,120,126,124,16
25080 DATA 66,66,254,254,254,254,4,84,76,252
25090 DATA 18,0,8,68,124,40,36,156,146,0
25100 DATA 40,0,0,126,0,0,0,0,240,240
25110 DATA 240,240,15,15,15,15,255,255,255,255
25120 DATA 0,0,0,0,240,240,240,240,15,15
25130 DATA 15,15,255,255,255,255,0,16,0,124
25140 DATA 20,32,84,0,64,4,56,16,0,0
25150 DATA 0,32,100,16,32,4,124,4,68,32
25160 DATA 68,4,16,16,32,124,8,16,78,66
25170 DATA 66,64,34,64,64,78,66,16,2,72
25180 DATA 64,66,70,66,64,74,72,2,16,66
25190 DATA 36,90,40,16,32,8,8,8,16,0
25200 DATA 0,124,68,64,68,124,16,68,68,16
25210 DATA 16,96,16,146,68,68,68,68,64,56
25220 DATA 16,68,40,146,16,68,16,32,16,8
25230 DATA 76,124,0,0,8,8,0,8,8,8
25240 DATA 0,0,8,8,0,0,16,4,252,63
25250 DATA 170,255,126,126,176,126,36,60,0,64
25260 DATA 6,192,4,13,64,72,68,84,68,24
25270 DATA 84,36,68,16,32,48,40,68,36,68
25280 DATA 40,0,68,72,16,68,84,64,40,36
25290 DATA 64,66,124,124,68,68,16,68,36,32
25300 DATA 84,8,50,44,108,8,32,124,124,124
25310 DATA 124,124,124,124,124,16,16,16,16,68
25320 DATA 68,68,68,68,68,68,68,68,68,64
25330 DATA 70,64,32,66,64,16,66,66,84,124
25340 DATA 124,214,124,100,84,144,254,0,8,40
25350 DATA 0,56,24,144,158,0,40,0,0,126
25360 DATA 0,0,0,0,240,240,240,240,15,15
25370 DATA 15,15,255,255,255,255,0,0,0,0
25380 DATA 240,240,240,240,15,15,15,15,255,255
25390 DATA 255,255,0,0,0,40,120,76,136,0
25400 DATA 32,8,84,16,0,0,0,64,68,16
25410 DATA 64,68,8,68,68,32,68,8,0,0
25420 DATA 16,0,16,0,64,66,66,66,34,64
25430 DATA 64,66,66,16,66,68,64,66,66,66
25440 DATA 64,68,68,66,16,66,36,102,68,16
25450 DATA 64,8,4,8,16,0,0,68,68,64
25460 DATA 68,64,16,68,68,16,16,80,16,146
25470 DATA 68,68,120,60,64,4,16,68,40,146
25480 DATA 40,68,32,32,16,8,0,124,0,0
25490 DATA 8,8,0,8,8,8,0,0,8,8
25500 DATA 0,0,8,8,254,127,170,255,126,126
25510 DATA 192,126,24,24,0,128,62,240,2,3
25520 DATA 64,72,68,84,68,32,84,40,68,16
25530 DATA 64,40,68,68,24,68,40,66,100,72
25540 DATA 16,68,84,64,16,36,64,66,16,16
25550 DATA 68,40,34,130,36,16,56,16,12,20
25560 DATA 20,8,68,68,68,68,68,68,64,64
25570 DATA 64,16,16,16,16,68,68,68,68,68
25580 DATA 68,68,68,68,68,64,66,66,32,66
25590 DATA 64,16,66,66,16,56,56,16,68,68
25600 DATA 100,144,144,0,8,40,16,68,8,144
25610 DATA 144,0,40,0,126,126,0,0,0,0
25620 DATA 0,0,0,0,0,0,0,0,0,0
25630 DATA 0,0,240,240,240,240,240,240,240,240
25640 DATA 240,240,240,240,240,240,240,240,0,16
25650 DATA 0,40,16,12,116,0,16,16,16,0
25660 DATA 16,0,16,0,56,56,124,56,8,56
25670 DATA 56,32,56,112,16,16,8,0,32,16
25680 DATA 60,66,124,60,124,126,64,60,66,56
25690 DATA 60,66,126,66,66,60,64,58,66,60
25700 DATA 16,60,24,66,68,16,124,12,0,24
25710 DATA 16,0,0,60,120,60,60,60,16,60
25720 DATA 68,24,16,72,24,146,68,56,64,4
25730 DATA 64,120,24,60,16,108,68,60,124,16
25740 DATA 16,16,0,124,0,0,8,8,0,8
25750 DATA 8,8,0,0,8,8,0,0,8,8
25760 DATA 255,255,85,255,126,126,0,126,0,0
25770 DATA 0,0,0,0,0,0,64,52,120,56
25780 DATA 56,28,56,16,68,8,56,36,68,120
25790 DATA 16,56,36,126,88,48,8,56,40,56
25800 DATA 40,24,56,60,56,56,198,238,126,254
25810 DATA 102,0,16,0,16,30,30,8,56,60
25820 DATA 60,60,60,60,60,60,60,24,24,24
25830 DATA 24,56,56,56,56,56,60,60,60,60
25840 DATA 68,60,66,60,124,66,126,56,60,60
25850 DATA 56,16,16,56,60,184,184,158,110,0
25860 DATA 8,16,0,0,48,126,110,0,40,0
25870 DATA 126,126,0,0,0,0,0,0,0,0
25880 DATA 0,0,0,0,0,0,0,0,240,240
25890 DATA 240,240,240,240,240,240,240,240,240,240
25900 DATA 240,0,240,240,0,0,0,0,0,0
25910 DATA 0,0,0,0,0,0,32,0,0,0
25920 DATA 0,0,0,0,0,0,0,0,0,0
25930 DATA 0,32,0,0,0,0,0,0,0,0
25940 DATA 0,0,0,0,0,0,0,0,0,0
25950 DATA 0,0,0,0,0,0,0,0,0,0
25960 DATA 0,0,0,0,0,0,0,0,0,0
25970 DATA 0,0,0,0,0,4,0,0,16,0
25980 DATA 0,0,0,0,64,4,0,0,0,0
25990 DATA 0,0,0,4,0,0,0,0,0,0
26000 DATA 0,0,8,8,0,8,8,8,0,0
26010 DATA 8,8,0,0,8,8,255,255,85,255
26020 DATA 126,126,0,126,0,0,0,0,0,0
26030 DATA 0,0,0,0,64,16,0,0,16,16
26040 DATA 4,0,4,0,0,64,0,0,0,0
26050 DATA 64,0,0,0,0,4,72,0,4,0
26060 DATA 0,0,0,0,0,0,0,0,0,0
26070 DATA 30,4,4,0,0,0,0,0,0,0
26080 DATA 0,0,0,0,0,0,0,0,0,0
26090 DATA 0,0,0,0,0,0,0,8,0,8
26100 DATA 0,0,0,0,0,0,0,0,0,0
26110 DATA 0,0,0,0,0,126,16,0,0,0
26120 DATA 0,0,0,0,0,0,126,0,0,0
26130 DATA 0,0,0,0,0,0,0,0,0,0
26140 DATA 0,0,0,0,240,240,240,240,240,240
26150 DATA 240,240,240,240,240,240,240,0,240,240
26160 DATA 0,0,0,0,0,0,0,0,0,0
26170 DATA 0,0,0,0,0,0,0,0,0,0
26180 DATA 0,0,0,0,0,0,0,0,0,0
26190 DATA 0,0,0,0,0,0,0,0,0,0
26200 DATA 0,0,0,0,0,0,0,0,0,0
26210 DATA 0,0,0,0,0,0,0,0,0,0
26220 DATA 0,0,0,124,0,0,0,0,0,0
26230 DATA 0,56,0,0,48,0,0,0,0,0
26240 DATA 64,4,0,0,0,0,0,0,0,56
26250 DATA 0,0,0,0,0,0,0,0,8,8
26260 DATA 0,8,8,8,0,0,8,8,0,0
26270 DATA 8,8,255,255,85,255,126,126,0,126
26280 DATA 0,0,0,0,0,0,0,0,0,0
26290 DATA 64,16,0,0,16,16,4,0,24,0
26300 DATA 0,64,0,0,0,0,64,0,0,0
26310 DATA 0,24,68,0,24,0,0,0,0,0
26320 DATA 0,0,0,0,0,0,0,0,0,0
26330 DATA 0,0,0,0,0,0,0,0,0,0
26340 DATA 0,0,0,0,0,0,0,0,0,0
26350 DATA 0,0,0,24,0,0,0,0,0,0
26360 DATA 0,0,0,0,0,0,0,0,0,0
26370 DATA 0,126,0,0,0,0,0,0,0,0
