10 Reserve top-24576
20 For i=0 to 95
30 Read a:poke 24576+i,a
40 next i
50 ?"type CALL TOP to run your code."
100 END
10000 DATA 205,6,96,195,192,2,33,21,96,205
10010 DATA 34,96,124,205,135,6,125,205,135,6
10020 DATA 201,66,65,83,95,52,48,48,48,46
10030 DATA 66,73,78,0,14,95,205,71,96,216
10040 DATA 35,235,14,46,205,71,96,216,175,119
10050 DATA 229,235,205,43,31,32,10,205,123,31
10060 DATA 225,54,46,96,105,175,201,225,24,16
10070 DATA 201,126,254,0,40,6,185,40,5,35
10080 DATA 24,245,55,201,175,201,33,21,96,205
