10 Reserve top-0
20 For i=0 to 4760
30 Read a:poke 0+i,a
40 next i
50 ?"type CALL TOP to run your code."
100 END
10000 DATA 0,0,0,0,0,0,0,0,0,0
10010 DATA 0,0,0,0,0,0,0,0,0,0
10020 DATA 0,0,0,0,0,0,0,0,0,0
10030 DATA 0,0,0,0,0,0,0,0,0,0
10040 DATA 0,0,0,0,0,0,0,0,0,0
10050 DATA 0,0,0,0,0,0,0,0,0,0
10060 DATA 0,0,0,0,0,0,0,0,0,0
10070 DATA 0,0,0,0,0,0,0,0,0,0
10080 DATA 0,0,0,0,0,0,0,0,0,0
10090 DATA 0,0,0,0,0,0,0,0,0,0
10100 DATA 0,0,0,0,0,0,0,0,0,0
10110 DATA 0,0,0,0,0,0,0,0,0,0
10120 DATA 0,0,0,0,0,0,0,0,0,0
10130 DATA 0,0,0,0,0,0,0,0,0,0
10140 DATA 0,0,0,0,0,0,0,0,0,0
10150 DATA 0,0,0,0,0,0,0,0,0,0
10160 DATA 0,0,0,0,0,0,0,0,0,0
10170 DATA 0,0,0,0,0,0,0,0,0,0
10180 DATA 0,0,0,0,0,0,0,0,0,0
10190 DATA 0,0,0,0,0,0,0,0,0,0
10200 DATA 0,0,0,0,0,0,0,0,0,0
10210 DATA 0,0,0,0,0,0,0,0,0,0
10220 DATA 0,0,0,0,0,0,0,0,0,0
10230 DATA 0,0,0,0,0,0,0,0,0,0
10240 DATA 0,0,0,0,0,0,0,0,0,0
10250 DATA 0,0,0,0,0,0,0,0,0,0
10260 DATA 0,0,0,0,0,0,0,0,0,0
10270 DATA 0,0,0,0,0,0,0,0,0,0
10280 DATA 0,0,0,0,0,0,0,0,0,0
10290 DATA 0,0,0,0,0,0,0,0,0,0
10300 DATA 0,0,0,0,0,0,0,0,0,0
10310 DATA 0,0,0,0,0,0,0,0,0,0
10320 DATA 0,0,0,0,0,0,0,0,0,0
10330 DATA 0,0,0,0,0,0,0,0,0,0
10340 DATA 0,0,0,0,0,0,0,0,0,0
10350 DATA 0,0,0,0,0,0,0,0,0,0
10360 DATA 0,0,0,0,0,0,0,0,0,0
10370 DATA 0,0,0,0,0,0,0,0,0,0
10380 DATA 0,0,0,0,0,0,0,0,0,0
10390 DATA 0,0,0,0,0,0,0,0,0,0
10400 DATA 0,0,0,0,0,0,0,0,0,0
10410 DATA 0,0,0,0,0,0,0,0,0,0
10420 DATA 0,0,0,0,0,0,0,0,0,0
10430 DATA 0,0,0,0,0,0,0,0,0,0
10440 DATA 0,0,0,0,0,0,0,0,0,0
10450 DATA 0,0,0,0,0,0,0,0,0,0
10460 DATA 0,0,0,0,0,0,0,0,0,0
10470 DATA 0,0,0,0,0,0,0,0,0,0
10480 DATA 0,0,0,0,0,0,0,0,0,0
10490 DATA 0,0,0,0,0,0,0,0,0,0
10500 DATA 0,0,0,0,0,0,0,0,0,0
10510 DATA 0,0,0,0,0,0,0,0,0,0
10520 DATA 0,0,0,0,0,0,0,0,0,0
10530 DATA 0,0,0,0,0,0,0,0,0,0
10540 DATA 0,0,0,0,0,0,0,0,0,0
10550 DATA 0,0,0,0,0,0,0,0,0,0
10560 DATA 0,0,0,0,0,0,0,0,0,0
10570 DATA 0,0,0,0,0,0,0,0,0,0
10580 DATA 0,0,0,0,0,0,0,0,0,0
10590 DATA 0,0,0,0,0,0,0,0,0,0
10600 DATA 0,0,0,0,0,0,0,0,0,0
10610 DATA 0,0,0,0,0,0,0,0,0,0
10620 DATA 0,0,0,0,0,0,0,0,0,0
10630 DATA 0,0,0,0,0,0,0,0,0,0
10640 DATA 0,0,0,0,0,0,0,0,0,0
10650 DATA 0,0,0,0,0,0,0,0,0,0
10660 DATA 0,0,0,0,0,0,0,0,0,0
10670 DATA 0,0,0,0,0,0,0,0,0,0
10680 DATA 0,0,0,0,0,0,0,0,0,0
10690 DATA 0,0,0,0,0,0,0,0,0,0
10700 DATA 0,0,0,0,0,0,0,0,0,0
10710 DATA 0,0,0,0,0,0,0,0,0,0
10720 DATA 0,0,0,0,0,0,0,0,0,0
10730 DATA 0,0,0,0,0,0,0,0,0,0
10740 DATA 0,0,0,0,0,0,0,0,0,0
10750 DATA 0,0,0,0,0,0,0,0,0,0
10760 DATA 0,0,0,0,0,0,0,0,0,0
10770 DATA 0,0,0,0,0,0,0,0,0,0
10780 DATA 0,0,0,0,0,0,0,0,0,0
10790 DATA 0,0,0,0,0,0,0,0,0,0
10800 DATA 0,0,0,0,0,0,0,0,0,0
10810 DATA 0,0,0,0,0,0,0,0,0,0
10820 DATA 0,0,0,0,0,0,0,0,0,0
10830 DATA 0,0,0,0,0,0,0,0,0,0
10840 DATA 0,0,0,0,0,0,0,0,0,0
10850 DATA 0,0,0,0,0,0,0,0,0,0
10860 DATA 0,0,0,0,0,0,0,0,0,0
10870 DATA 0,0,0,0,0,0,0,0,0,0
10880 DATA 0,0,0,0,0,0,0,0,0,0
10890 DATA 0,0,0,0,0,0,0,0,0,0
10900 DATA 0,0,0,0,0,0,0,0,0,0
10910 DATA 0,0,0,0,0,0,0,0,0,0
10920 DATA 0,0,0,0,0,0,0,0,0,0
10930 DATA 0,0,0,0,0,0,0,0,0,0
10940 DATA 0,0,0,0,0,0,0,0,0,0
10950 DATA 0,0,0,0,0,0,0,0,0,0
10960 DATA 0,0,0,0,0,0,0,0,0,0
10970 DATA 0,0,0,0,0,0,0,0,0,0
10980 DATA 0,0,0,0,0,0,0,0,0,0
10990 DATA 0,0,0,0,0,0,0,0,0,0
11000 DATA 0,0,0,0,0,0,0,0,0,0
11010 DATA 0,0,0,0,0,0,0,0,0,0
11020 DATA 0,0,0,0,0,0,0,0,0,0
11030 DATA 0,0,0,0,0,0,0,0,0,0
11040 DATA 0,0,0,0,0,0,0,0,0,0
11050 DATA 0,0,0,0,0,0,0,0,0,0
11060 DATA 0,0,0,0,0,0,0,0,0,0
11070 DATA 0,0,0,0,0,0,0,0,0,0
11080 DATA 0,0,0,0,0,0,0,0,0,0
11090 DATA 0,0,0,0,0,0,0,0,0,0
11100 DATA 0,0,0,0,0,0,0,0,0,0
11110 DATA 0,0,0,0,0,0,0,0,0,0
11120 DATA 0,0,0,0,0,0,0,0,0,0
11130 DATA 0,0,0,0,0,0,0,0,0,0
11140 DATA 0,0,0,0,0,0,0,0,0,0
11150 DATA 0,0,0,0,0,0,0,0,0,0
11160 DATA 0,0,0,0,0,0,0,0,0,0
11170 DATA 0,0,0,0,0,0,0,0,0,0
11180 DATA 0,0,0,0,0,0,0,0,0,0
11190 DATA 0,0,0,0,0,0,0,0,0,0
11200 DATA 0,0,0,0,0,0,0,0,0,0
11210 DATA 0,0,0,0,0,0,0,0,0,0
11220 DATA 0,0,0,0,0,0,0,0,0,0
11230 DATA 0,0,0,0,0,0,0,0,0,0
11240 DATA 0,0,0,0,0,0,0,0,0,0
11250 DATA 0,0,0,0,0,0,0,0,0,0
11260 DATA 0,0,0,0,0,0,0,0,0,0
11270 DATA 0,0,0,0,0,0,0,0,0,0
11280 DATA 0,0,0,0,0,0,0,0,0,0
11290 DATA 0,0,0,0,0,0,0,0,0,0
11300 DATA 0,0,0,0,0,0,0,0,0,0
11310 DATA 0,0,0,0,0,0,0,0,0,0
11320 DATA 0,0,0,0,0,0,0,0,0,0
11330 DATA 0,0,0,0,0,0,0,0,0,0
11340 DATA 0,0,0,0,0,0,0,0,0,0
11350 DATA 0,0,0,0,0,0,0,0,0,0
11360 DATA 0,0,0,0,0,0,243,245,197,213
11370 DATA 229,221,229,253,229,219,225,87,175,211
11380 DATA 225,6,1,205,35,8,95,62,127,6
11390 DATA 1,203,32,203,32,203,32,203,32,203
11400 DATA 32,14,0,237,121,123,50,1,34,122
11410 DATA 50,2,34,205,244,5,195,22,6,33
11420 DATA 0,0,57,34,3,34,49,0,34,195
11430 DATA 68,6,42,3,34,249,195,126,7,58
11440 DATA 2,34,87,58,1,34,6,1,203,32
11450 DATA 203,32,203,32,203,32,203,32,14,0
11460 DATA 237,121,122,211,225,253,225,221,225,225
11470 DATA 209,193,241,201,83,80,69,67,84,82
11480 DATA 85,77,0,83,80,69,67,77,65,78
11490 DATA 32,46,84,65,80,0,17,215,34,213
11500 DATA 1,8,0,237,176,62,46,18,19,1
11510 DATA 3,0,237,176,175,18,225,205,14,15
11520 DATA 205,110,15,201,245,229,213,197,205,163
11530 DATA 16,33,118,34,205,14,15,205,110,15
11540 DATA 193,209,225,241,201,205,166,16,33,118
11550 DATA 34,205,14,15,205,110,15,201,253,225
11560 DATA 221,225,225,209,193,241,253,34,15,34
11570 DATA 221,34,13,34,34,5,34,237,83,7
11580 DATA 34,237,67,9,34,245,225,34,11,34
11590 DATA 42,5,34,245,197,213,229,221,229,253
11600 DATA 229,195,139,5,33,194,5,205,14,15
11610 DATA 205,110,15,33,203,5,205,14,15,205
11620 DATA 110,15,58,199,34,183,32,62,33,153
11630 DATA 34,62,92,119,35,175,119,35,119,205
11640 DATA 215,7,79,80,69,78,73,78,71,32
11650 DATA 68,73,82,69,67,84,79,82,89,10
11660 DATA 13,0,33,194,5,205,104,10,205,73
11670 DATA 10,48,6,33,184,7,195,196,7,62
11680 DATA 1,50,199,34,33,0,0,34,203,34
11690 DATA 58,200,34,183,32,68,205,215,7,79
11700 DATA 80,69,78,73,78,71,32,70,73,76
11710 DATA 69,10,13,0,33,203,5,205,104,18
11720 DATA 175,205,25,12,40,6,33,171,7,195
11730 DATA 196,7,205,19,11,237,67,205,34,237
11740 DATA 83,207,34,62,84,205,255,14,213,225
11750 DATA 197,209,205,170,16,33,118,34,205,14
11760 DATA 15,205,110,15,17,209,34,1,3,0
11770 DATA 205,108,12,40,6,33,158,7,195,196
11780 DATA 7,237,91,13,34,237,75,7,34,213
11790 DATA 225,205,9,6,197,225,205,9,6,237
11800 DATA 91,13,34,237,75,7,34,205,108,12
11810 DATA 40,6,33,158,7,195,196,7,213,197
11820 DATA 62,65,205,255,14,213,225,205,9,6
11830 DATA 62,66,205,255,14,197,225,205,9,6
11840 DATA 193,209,237,83,213,34,237,67,201,34
11850 DATA 3,3,3,3,42,203,34,9,34,203
11860 DATA 34,237,75,207,34,167,237,66,32,36
11870 DATA 33,0,0,175,50,200,34,34,203,34
11880 DATA 34,205,34,205,94,12,205,215,7,67
11890 DATA 76,79,83,73,78,71,32,70,73,76
11900 DATA 69,10,13,0,24,9,17,212,34,1
11910 DATA 1,0,205,108,12,195,152,5,253,225
11920 DATA 221,225,225,209,193,241,237,91,201,34
11930 DATA 221,42,213,34,55,245,197,213,229,221
11940 DATA 229,253,229,62,127,211,228,195,159,5
11950 DATA 69,82,32,82,69,65,68,32,70,73
11960 DATA 76,69,0,69,82,32,79,80,69,78
11970 DATA 32,70,73,76,69,0,69,82,32,79
11980 DATA 80,69,78,32,68,73,82,0,205,14
11990 DATA 15,205,110,15,201,126,254,0,200,229
12000 DATA 205,230,7,225,35,24,244,225,229,205
12010 DATA 14,15,209,229,201,225,205,203,7,35
12020 DATA 229,201,245,205,255,14,241,201,229,197
12030 DATA 205,230,7,193,225,201,62,10,205,236
12040 DATA 7,62,13,205,236,7,201,126,183,200
12050 DATA 205,255,14,35,24,247,229,197,245,205
12060 DATA 255,7,241,193,225,201,197,203,32,203
12070 DATA 32,203,32,203,32,203,32,14,0,237
12080 DATA 121,193,201,197,203,32,203,32,203,32
12090 DATA 203,32,203,32,14,0,237,120,193,201
12100 DATA 205,8,9,254,0,200,245,17,20,34
12110 DATA 71,205,8,9,18,19,16,249,241,201
12120 DATA 245,205,24,15,70,65,84,65,76,32
12130 DATA 69,82,82,79,82,58,0,241,205,51
12140 DATA 18,33,105,8,254,146,40,1,201,205
12150 DATA 14,15,201,80,65,82,84,73,84,73
12160 DATA 79,78,46,78,79,84,46,83,85,80
12170 DATA 80,79,82,84,69,68,33,33,33,10
12180 DATA 13,0,229,205,148,8,225,192,216,175
12190 DATA 205,179,8,254,20,201,175,1,50,0
12200 DATA 205,5,9,203,127,200,245,197,6,4
12210 DATA 205,214,15,193,241,11,95,120,177,123
12220 DATA 32,234,55,6,2,5,201,62,34,205
12230 DATA 245,8,205,8,9,201,1,196,9,205
12240 DATA 5,9,203,103,200,197,245,6,10,205
12250 DATA 214,15,241,193,11,95,120,177,123,32
12260 DATA 234,245,205,51,18,241,205,24,15,42
12270 DATA 42,42,67,77,68,32,84,73,77,69
12280 DATA 79,85,84,42,42,42,10,13,0,6
12290 DATA 2,5,201,211,49,24,2,211,48,197
12300 DATA 213,229,205,188,8,225,209,193,201,219
12310 DATA 49,201,219,48,201,62,1,205,245,8
12320 DATA 205,8,9,230,15,201,62,5,205,245
12330 DATA 8,62,6,205,245,8,62,87,205,249
12340 DATA 8,205,8,9,254,168,201,245,62,21
12350 DATA 205,245,8,241,205,249,8,6,4,205
12360 DATA 214,15,205,179,8,254,21,200,245,205
12370 DATA 24,15,69,82,82,58,32,83,69,84
12380 DATA 85,83,66,77,79,68,69,10,13,0
12390 DATA 241,205,51,18,201,62,48,205,245,8
12400 DATA 205,134,8,216,200,201,62,49,205,245
12410 DATA 8,205,134,8,201,6,10,197,205,43
12420 DATA 9,32,16,205,91,9,32,11,62,49
12430 DATA 205,245,8,205,134,8,193,200,197,6
12440 DATA 100,205,233,15,193,16,226,6,2,5
12450 DATA 245,205,24,15,69,82,82,58,32,77
12460 DATA 79,85,78,84,32,68,73,83,75,10
12470 DATA 13,0,241,201,126,205,249,8,192,126
12480 DATA 183,200,35,24,245,87,175,50,150,34
12490 DATA 205,22,9,32,6,122,205,43,9,40
12500 DATA 3,62,0,201,205,11,9,191,62,128
12510 DATA 50,150,34,201,58,150,34,203,127,201
12520 DATA 205,210,9,55,200,6,5,205,91,9
12530 DATA 40,6,48,28,16,247,175,201,175,58
12540 DATA 150,34,203,71,192,205,102,9,32,12
12550 DATA 58,150,34,203,199,50,150,34,175,62
12560 DATA 1,201,175,58,150,34,203,71,200,203
12570 DATA 135,50,150,34,62,2,201,195,111,9
12580 DATA 42,0,205,73,10,33,20,10,205,211
12590 DATA 10,200,62,39,205,245,8,205,52,8
12600 DATA 62,0,18,33,20,34,205,216,5,62
12610 DATA 51,205,245,8,205,134,8,254,66,24
12620 DATA 226,35,126,183,200,254,47,200,254,92
12630 DATA 200,24,244,229,213,197,33,153,34,205
12640 DATA 86,10,193,209,225,201,126,183,200,229
12650 DATA 205,211,10,225,216,55,62,150,200,205
12660 DATA 61,10,24,238,229,126,254,92,40,14
12670 DATA 254,47,40,10,254,46,32,43,254,46
12680 DATA 40,15,225,201,33,153,34,54,92,35
12690 DATA 54,0,35,54,0,225,201,33,153,34
12700 DATA 229,209,205,61,10,126,183,32,247,33
12710 DATA 153,34,183,237,82,32,1,19,235,24
12720 DATA 225,235,33,153,34,205,61,10,126,183
12730 DATA 32,249,235,27,26,19,254,47,40,8
12740 DATA 254,92,40,4,62,92,18,19,126,18
12750 DATA 35,19,183,32,249,235,54,0,225,201
12760 DATA 245,205,255,7,62,10,205,255,14,241
12770 DATA 201,229,62,47,205,245,8,205,170,9
12780 DATA 32,14,62,50,205,245,8,205,134,8
12790 DATA 225,254,66,200,183,201,225,55,201,201
12800 DATA 201,213,17,0,0,205,250,10,209,201
12810 DATA 62,57,205,245,8,121,205,249,8,120
12820 DATA 205,249,8,123,205,249,8,122,205,249
12830 DATA 8,205,134,8,201,62,12,205,245,8
12840 DATA 62,104,205,249,8,205,8,9,95,205
12850 DATA 8,9,87,205,8,9,79,205,8,9
12860 DATA 71,201,201,62,39,205,245,8,205,52
12870 DATA 8,245,214,8,71,241,33,28,34,126
12880 DATA 229,197,205,230,7,193,225,35,16,245
12890 DATA 205,110,15,62,63,205,245,8,205,134
12900 DATA 8,192,62,39,205,245,8,205,52,8
12910 DATA 221,33,20,34,221,229,221,86,3,221
12920 DATA 94,2,221,102,1,221,110,0,205,170
12930 DATA 16,33,118,34,205,58,17,205,203,7
12940 DATA 205,215,7,32,83,69,67,84,79,82
12950 DATA 83,10,13,0,221,225,221,229,221,86
12960 DATA 7,221,94,6,221,102,5,221,110,4
12970 DATA 205,170,16,33,118,34,205,58,17,205
12980 DATA 203,7,205,215,7,32,83,69,67,84
12990 DATA 79,82,83,32,70,82,69,69,32,32
13000 DATA 32,10,13,0,221,225,221,126,8,61
13010 DATA 40,8,61,40,24,61,40,40,24,57
13020 DATA 205,215,7,70,83,32,73,83,32,70
13030 DATA 65,84,45,49,50,10,13,0,201,205
13040 DATA 215,7,70,83,32,73,83,32,70,65
13050 DATA 84,45,49,54,10,13,0,201,205,215
13060 DATA 7,70,83,32,73,83,32,70,65,84
13070 DATA 45,51,50,10,13,0,201,205,215,7
13080 DATA 85,78,75,78,79,87,78,32,70,83
13090 DATA 10,13,0,221,126,8,201,245,62,47
13100 DATA 205,245,8,33,70,34,205,170,9,40
13110 DATA 30,241,205,215,7,69,82,82,79,82
13120 DATA 32,83,69,84,84,73,78,71,32,70
13130 DATA 73,76,69,78,65,77,69,10,13,0
13140 DATA 201,241,183,40,12,214,1,40,8,214
13150 DATA 1,40,4,62,52,24,2,62,50,205
13160 DATA 245,8,205,134,8,201,62,54,205,245
13170 DATA 8,62,1,205,249,8,205,134,8,201
13180 DATA 213,62,58,205,245,8,121,205,249,8
13190 DATA 120,205,249,8,47,47,209,33,0,0
13200 DATA 229,213,205,134,8,209,225,40,28,254
13210 DATA 29,32,28,62,39,205,245,8,205,8
13220 DATA 9,71,205,8,9,18,19,35,16,248
13230 DATA 62,59,205,245,8,24,219,68,77,175
13240 DATA 201,245,205,51,18,205,215,7,69,82
13250 DATA 82,79,82,32,82,69,65,68,73,78
13260 DATA 71,32,66,76,79,67,75,33,33,33
13270 DATA 32,0,241,6,2,5,201,213,197,205
13280 DATA 104,18,175,205,25,12,32,75,193,209
13290 DATA 205,108,12,40,32,205,51,18,205,215
13300 DATA 7,32,69,82,82,79,82,32,82,69
13310 DATA 65,68,73,78,71,32,70,73,76,69
13320 DATA 10,13,0,213,197,24,36,197,205,166
13330 DATA 16,33,118,34,205,58,17,205,14,15
13340 DATA 205,215,7,32,66,89,84,69,83,32
13350 DATA 82,69,65,68,10,13,0,205,94,12
13360 DATA 193,175,201,193,209,205,51,18,205,215
13370 DATA 7,45,45,62,69,82,82,79,82,32
13380 DATA 65,84,32,76,79,65,68,70,73,76
13390 DATA 69,10,13,0,33,70,34,205,14,15
13400 DATA 205,110,15,55,201,33,70,34,17,71
13410 DATA 34,175,119,1,39,0,237,176,201,213
13420 DATA 197,205,104,18,175,205,25,12,32,50
13430 DATA 193,205,241,10,1,244,1,209,205,108
13440 DATA 12,40,30,205,51,18,205,215,7,32
13450 DATA 69,82,82,79,82,32,82,69,65,68
13460 DATA 73,78,71,32,70,73,76,69,10,13
13470 DATA 0,24,9,197,205,94,12,193,175,201
13480 DATA 193,209,205,51,18,205,215,7,45,45
13490 DATA 62,69,82,82,79,82,32,79,80,69
13500 DATA 78,73,78,71,32,70,73,76,69,10
13510 DATA 13,0,33,70,34,205,14,15,205,110
13520 DATA 15,55,201,213,62,60,205,245,8,121
13530 DATA 205,249,8,120,205,249,8,225,205,134
13540 DATA 8,40,27,254,30,32,25,62,45,205
13550 DATA 245,8,205,8,9,71,126,205,249,8
13560 DATA 35,16,249,62,61,205,245,8,24,224
13570 DATA 183,201,245,205,51,18,205,215,7,69
13580 DATA 82,82,79,82,32,87,82,73,84,73
13590 DATA 78,71,32,66,76,79,67,75,33,33
13600 DATA 33,32,13,10,0,241,6,2,5,201
13610 DATA 213,197,229,205,215,7,10,13,83,65
13620 DATA 86,69,32,70,73,76,69,10,13,10
13630 DATA 13,0,225,205,104,18,62,4,205,25
13640 DATA 12,32,78,205,215,7,10,13,70,73
13650 DATA 76,69,32,67,82,69,65,84,69,68
13660 DATA 32,79,75,10,13,0,193,209,205,195
13670 DATA 13,40,25,205,215,7,32,69,82,82
13680 DATA 79,82,32,87,82,73,84,73,78,71
13690 DATA 32,70,73,76,69,10,13,0,205,215
13700 DATA 7,66,89,84,69,32,87,82,73,84
13710 DATA 84,69,78,10,13,0,205,94,12,175
13720 DATA 201,193,209,205,51,18,205,215,7,45
13730 DATA 45,62,69,82,82,79,82,32,67,82
13740 DATA 69,65,84,73,78,71,32,70,73,76
13750 DATA 69,10,13,0,33,70,34,205,14,15
13760 DATA 205,110,15,55,201,197,213,205,104,18
13770 DATA 62,1,205,25,12,32,11,1,255,255
13780 DATA 17,255,255,205,250,10,24,9,62,4
13790 DATA 205,25,12,62,151,32,13,209,193,205
13800 DATA 195,13,245,205,94,12,241,192,175,201
13810 DATA 209,193,55,201,245,62,128,211,35,241
13820 DATA 211,32,62,0,211,33,62,3,211,35
13830 DATA 62,0,211,34,62,0,211,33,201,205
13840 DATA 5,15,211,32,201,245,219,37,203,111
13850 DATA 40,250,241,201,126,35,254,0,200,205
13860 DATA 255,14,24,246,229,197,213,245,33,9
13870 DATA 0,57,70,43,78,96,105,205,14,15
13880 DATA 241,209,68,77,33,5,0,57,112,43
13890 DATA 113,193,225,201,237,87,245,209,243,62
13900 DATA 1,211,36,205,93,15,175,211,36,219
13910 DATA 32,213,87,241,122,224,251,201,62,1
13920 DATA 211,36,219,37,203,71,40,3,243,24
13930 DATA 231,175,201,245,219,37,203,71,40,250
13940 DATA 241,201,219,37,203,71,201,245,241,201
13950 DATA 245,62,13,205,255,14,62,10,205,255
13960 DATA 14,241,201,245,229,197,219,37,203,103
13970 DATA 40,4,62,66,24,26,203,87,40,4
13980 DATA 62,80,24,18,203,95,40,4,62,70
13990 DATA 24,10,203,79,40,4,62,79,24,2
14000 DATA 62,78,33,19,34,119,193,225,241,201
14010 DATA 0,0,0,0,0,0,0,0,0,0
14020 DATA 0,0,0,0,0,0,0,0,0,0
14030 DATA 195,230,15,0,20,19,18,18,17,16
14040 DATA 16,13,13,11,11,11,8,6,6,3
14050 DATA 3,1,0,0,219,128,33,193,15,95
14060 DATA 22,0,25,126,95,33,170,15,25,233
14070 DATA 16,253,201,197,6,190,205,214,15,193
14080 DATA 16,247,201,197,6,250,205,233,15,6
14090 DATA 250,205,233,15,6,250,205,233,15,6
14100 DATA 250,205,233,15,193,16,232,201,245,213
14110 DATA 205,65,16,209,205,103,16,241,201,183
14120 DATA 71,230,240,15,79,15,15,129,79,120
14130 DATA 230,15,129,201,38,255,36,214,100,48
14140 DATA 251,198,100,46,255,44,214,10,48,251
14150 DATA 198,10,79,125,7,7,7,7,177,111
14160 DATA 201,1,0,16,17,0,0,41,123,143
14170 DATA 39,95,122,143,39,87,121,143,39,79
14180 DATA 16,241,235,201,183,71,230,240,15,79
14190 DATA 15,15,129,79,120,230,15,129,201,121
14200 DATA 205,148,16,121,205,152,16,124,205,148
14210 DATA 16,124,205,152,16,125,205,148,16,125
14220 DATA 24,26,31,31,31,31,230,15,198,144
14230 DATA 39,206,64,39,18,19,201,125,205,126
14240 DATA 16,125,24,238,31,31,31,31,230,15
14250 DATA 198,144,39,206,64,39,18,19,201,38
14260 DATA 0,111,30,0,22,0,1,0,0,221
14270 DATA 33,0,0,34,110,34,237,83,112,34
14280 DATA 237,67,114,34,221,34,116,34,33,118
14290 DATA 34,17,119,34,54,32,1,18,0,237
14300 DATA 176,237,67,137,34,30,1,33,118,34
14310 DATA 1,9,9,175,5,40,41,43,182,40
14320 DATA 249,13,23,48,252,31,87,229,197,33
14330 DATA 137,34,67,203,18,126,143,39,119,43
14340 DATA 16,249,48,3,28,54,1,13,32,235
14350 DATA 193,14,8,225,43,86,16,225,33,138
14360 DATA 34,75,183,237,66,84,93,237,66,235
14370 DATA 65,203,33,62,48,237,111,254,48,32
14380 DATA 6,13,19,24,4,237,111,18,19,237
14390 DATA 111,18,19,35,16,245,237,66,201,235
14400 DATA 33,118,34,205,58,17,237,176,235,201
14410 DATA 126,254,32,192,35,24,249,6,8,111
14420 DATA 203,21,31,16,251,201,229,126,254,0
14430 DATA 40,14,254,48,56,6,254,58,56,9
14440 DATA 254,57,246,1,225,201,191,225,201,35
14450 DATA 24,231,229,126,254,0,40,20,254,48
14460 DATA 56,12,254,58,56,15,254,48,56,4
14470 DATA 254,71,56,7,246,1,225,201,191,225
14480 DATA 201,35,24,225,175,205,138,17,122,201
14490 DATA 87,126,35,214,58,198,10,208,95,122
14500 DATA 135,135,130,135,131,24,239,126,205,172
14510 DATA 17,135,135,135,135,87,35,126,205,172
14520 DATA 17,178,35,201,214,48,254,10,216,214
14530 DATA 7,201,205,155,17,71,205,155,17,79
14540 DATA 201,126,35,214,48,203,39,203,39,203
14550 DATA 39,203,39,71,126,35,214,48,176,201
14560 DATA 79,205,221,17,119,35,121,205,225,17
14570 DATA 119,35,201,31,31,31,31,246,240,39
14580 DATA 198,160,206,64,201,34,139,34,201,175
14590 DATA 50,141,34,50,139,34,50,140,34,201
14600 DATA 58,139,34,71,58,140,34,128,183,201
14610 DATA 245,237,91,139,34,235,58,141,34,79
14620 DATA 6,0,9,235,241,201,58,141,34,60
14630 DATA 50,141,34,201,205,2,18,205,18,18
14640 DATA 126,18,35,19,183,200,24,245,205,2
14650 DATA 18,18,205,18,18,19,175,18,201,38
14660 DATA 0,111,245,17,143,34,205,141,16,62
14670 DATA 104,18,19,175,18,33,143,34,205,14
14680 DATA 15,205,110,15,241,201,229,14,0,126
14690 DATA 35,12,254,0,32,249,13,225,121,184
14700 DATA 200,120,145,216,71,62,48,43,119,16
14710 DATA 252,201,17,70,34,126,18,254,0,200
14720 DATA 19,35,24,247,22,0,106,6,8,41
14730 DATA 210,126,18,25,16,249,201,33,0,0
14740 DATA 87,89,25,21,32,252,201,175,6,16
14750 DATA 41,203,23,187,56,2,147,44,16,246
