10 Reserve top-0
20 For i=0 to 9503
30 Read a:poke 0+i,a
40 next i
50 ?"type CALL TOP to run your code."
100 END
10000 DATA 0,0,243,49,0,240,195,227,0,65
10010 DATA 84,76,65,83,32,66,79,79,84,76
10020 DATA 79,65,68,69,82,32,86,101,114,115
10030 DATA 105,111,110,32,48,46,49,55,10,13
10040 DATA 67,68,101,115,112,32,50,48,50,50
10050 DATA 45,50,54,10,13,0,195,178,9,128
10060 DATA 129,194,195,4,5,6,7,62,7,211
10070 DATA 104,61,194,69,0,201,33,1,240,175
10080 DATA 119,35,124,181,32,249,201,0,33,144
10090 DATA 240,203,134,203,206,33,54,8,1,184
10100 DATA 11,17,0,64,205,181,14,48,28,205
10110 DATA 178,9,69,82,82,79,82,32,76,79
10120 DATA 65,68,73,78,71,32,67,72,65,82
10130 DATA 83,69,84,13,10,0,118,205,192,16
10140 DATA 205,220,0,86,71,65,32,73,78,73
10150 DATA 84,73,65,76,73,90,69,68,10,13
10160 DATA 0,201,245,209,58,144,240,230,2,200
10170 DATA 213,241,245,205,153,9,241,205,194,17
10180 DATA 201,229,197,205,162,0,193,225,201,62
10190 DATA 10,205,181,0,62,13,205,181,0,201
10200 DATA 126,254,0,200,229,205,162,0,225,35
10210 DATA 24,244,225,229,205,168,9,209,229,201
10220 DATA 225,205,200,0,35,229,201,0,14,0
10230 DATA 62,128,6,0,237,121,62,129,6,32
10240 DATA 237,121,62,194,6,64,237,121,62,195
10250 DATA 6,96,237,121,62,4,6,128,237,121
10260 DATA 60,6,160,237,121,60,6,192,237,121
10270 DATA 60,6,224,237,121,205,76,0,205,73
10280 DATA 9,33,59,0,17,29,240,1,8,0
10290 DATA 237,176,243,175,211,225,62,1,205,128
10300 DATA 9,33,9,0,205,168,9,62,6,205
10310 DATA 197,11,40,34,205,212,0,69,82,82
10320 DATA 79,82,32,73,78,73,84,73,76,73
10330 DATA 65,90,73,78,71,32,67,72,51,55
10340 DATA 54,83,10,13,0,195,64,8,205,212
10350 DATA 0,83,84,79,82,65,71,69,32,68
10360 DATA 69,86,73,67,69,32,79,75,10,13
10370 DATA 0,62,6,205,33,12,40,33,205,212
10380 DATA 0,69,82,82,79,82,32,77,79,85
10390 DATA 78,84,73,78,71,32,84,72,69,32
10400 DATA 68,82,73,86,69,10,13,0,195,64
10410 DATA 8,205,23,13,205,8,10,205,87,0
10420 DATA 205,223,16,62,2,205,79,19,205,183
10430 DATA 17,205,220,0,85,83,66,32,83,84
10440 DATA 79,82,65,71,69,32,79,75,10,13
10450 DATA 0,205,220,0,83,69,82,73,65,76
10460 DATA 32,73,78,73,84,73,65,76,73,90
10470 DATA 69,68,10,13,0,205,64,24,205,220
10480 DATA 0,80,83,47,50,32,75,69,89,66
10490 DATA 79,65,82,68,32,73,78,73,84,73
10500 DATA 65,76,73,90,69,68,10,13,0,62
10510 DATA 128,211,69,205,228,31,205,220,0,65
10520 DATA 85,68,73,79,32,83,78,55,54,52
10530 DATA 56,57,32,73,78,73,84,73,65,76
10540 DATA 73,90,69,68,10,13,0,205,68,32
10550 DATA 205,77,32,205,178,9,83,67,65,78
10560 DATA 78,73,78,71,32,105,50,99,10,13
10570 DATA 0,73,78,73,84,32,105,50,99,10
10580 DATA 13,0,205,234,26,205,178,9,83,67
10590 DATA 65,78,32,105,50,99,10,13,0,205
10600 DATA 162,27,205,205,27,205,220,0,10,13
10610 DATA 0,62,18,50,148,240,33,9,0,205
10620 DATA 200,0,33,44,8,1,160,15,17,144
10630 DATA 241,205,181,14,48,36,205,220,0,69
10640 DATA 82,82,79,82,32,76,79,65,68,73
10650 DATA 78,71,32,66,79,79,84,46,73,78
10660 DATA 73,32,70,73,76,69,13,10,0,195
10670 DATA 64,8,237,67,27,240,33,144,241,9
10680 DATA 35,54,0,33,144,241,205,214,7,83
10690 DATA 89,83,84,69,77,83,0,48,34,205
10700 DATA 178,9,69,82,82,79,82,32,91,83
10710 DATA 89,83,84,69,77,83,93,46,78,79
10720 DATA 84,46,70,79,85,78,68,13,10,0
10730 DATA 195,64,8,17,200,240,6,0,205,181
10740 DATA 6,35,19,4,126,254,10,32,1,35
10750 DATA 126,254,91,32,239,43,124,50,196,240
10760 DATA 125,50,197,240,120,33,198,240,119,62
10770 DATA 2,35,119,24,52,6,20,62,129,205
10780 DATA 181,0,16,249,201,197,62,241,205,79
10790 DATA 19,62,143,205,181,0,205,7,3,62
10800 DATA 142,205,181,0,193,201,197,62,241,205
10810 DATA 79,19,62,141,205,181,0,205,7,3
10820 DATA 62,140,205,181,0,193,201,6,0,62
10830 DATA 7,50,148,240,62,9,50,147,240,205
10840 DATA 17,3,62,8,50,148,240,33,200,240
10850 DATA 62,9,50,147,240,62,241,205,79,19
10860 DATA 62,130,205,181,0,62,241,205,79,19
10870 DATA 58,199,240,184,32,5,62,177,205,79
10880 DATA 19,197,229,205,200,0,209,229,175,237
10890 DATA 82,125,254,20,40,8,62,32,205,181
10900 DATA 0,44,24,243,62,241,205,79,19,62
10910 DATA 130,205,181,0,225,193,58,148,240,60
10920 DATA 50,148,240,35,4,58,198,240,184,32
10930 DATA 175,62,9,50,147,240,205,38,3,205
10940 DATA 21,8,254,0,40,249,205,77,32,254
10950 DATA 11,32,12,58,199,240,254,0,40,25
10960 DATA 61,50,199,240,175,254,10,32,16,58
10970 DATA 198,240,61,79,58,199,240,185,40,5
10980 DATA 60,50,199,240,175,254,13,194,59,3
10990 DATA 58,199,240,183,202,64,8,211,225,58
11000 DATA 196,240,103,58,197,240,111,205,214,7
11010 DATA 82,79,77,83,0,48,31,205,220,0
11020 DATA 69,82,82,79,82,32,91,82,79,77
11030 DATA 83,93,46,78,79,84,46,70,79,85
11040 DATA 78,68,13,10,0,195,64,8,6,255
11050 DATA 4,17,200,240,205,181,6,35,35,58
11060 DATA 199,240,184,32,241,33,200,240,43,62
11070 DATA 92,119,1,160,15,17,144,241,205,181
11080 DATA 14,48,38,205,178,9,69,82,82,79
11090 DATA 82,32,76,79,65,68,73,78,71,32
11100 DATA 83,89,83,84,69,77,32,73,78,73
11110 DATA 32,70,73,76,69,13,10,0,195,64
11120 DATA 8,237,67,27,240,33,144,241,9,35
11130 DATA 54,0,33,144,241,205,214,7,80,65
11140 DATA 71,69,83,0,48,32,205,178,9,69
11150 DATA 82,82,79,82,32,91,80,65,71,69
11160 DATA 83,93,46,78,79,84,46,70,79,85
11170 DATA 78,68,13,10,0,195,64,8,205,77
11180 DATA 7,33,144,241,205,214,7,70,73,76
11190 DATA 69,83,0,48,32,205,178,9,69,82
11200 DATA 82,79,82,32,91,70,73,76,69,83
11210 DATA 93,46,78,79,84,46,70,79,85,78
11220 DATA 68,13,10,0,195,64,8,205,202,6
11230 DATA 33,45,240,126,35,254,255,40,4,211
11240 DATA 1,24,246,33,144,241,205,214,7,66
11250 DATA 65,78,75,83,0,48,32,205,178,9
11260 DATA 69,82,82,79,82,32,91,66,65,78
11270 DATA 75,83,93,46,78,79,84,46,70,79
11280 DATA 85,78,68,13,10,0,195,64,8,205
11290 DATA 106,6,205,178,9,66,65,78,75,83
11300 DATA 32,83,65,86,69,68,13,10,0,33
11310 DATA 144,241,205,214,7,69,88,69,67,66
11320 DATA 78,75,0,48,34,205,178,9,69,82
11330 DATA 82,79,82,32,91,69,88,69,67,66
11340 DATA 78,75,93,46,78,79,84,46,70,79
11350 DATA 85,78,68,13,10,0,195,64,8,205
11360 DATA 150,6,205,178,9,42,42,42,42,42
11370 DATA 42,42,42,42,42,42,42,42,42,42
11380 DATA 42,42,42,42,42,42,42,42,42,42
11390 DATA 42,42,42,42,42,42,42,42,42,42
11400 DATA 13,10,69,88,69,67,85,84,73,78
11410 DATA 71,46,46,46,13,10,0,14,6,33
11420 DATA 1,240,6,0,9,65,126,205,238,5
11430 DATA 13,121,254,1,32,239,49,0,112,33
11440 DATA 1,240,126,95,35,126,87,213,205,178
11450 DATA 9,69,88,69,67,32,66,65,78,75
11460 DATA 61,0,58,9,240,205,155,7,245,33
11470 DATA 8,240,126,6,7,205,27,6,17,0
11480 DATA 96,33,10,6,1,35,0,237,176,225
11490 DATA 175,203,36,203,36,203,36,203,36,203
11500 DATA 36,46,0,17,1,96,125,18,19,124
11510 DATA 18,209,123,6,0,195,0,96,33,29
11520 DATA 240,22,0,88,25,119,205,27,6,197
11530 DATA 245,205,155,7,62,62,205,153,9,120
11540 DATA 205,155,7,241,193,201,33,0,0,205
11550 DATA 17,96,122,6,1,205,17,96,62,1
11560 DATA 211,99,233,197,14,0,203,32,203,32
11570 DATA 203,32,203,32,203,32,237,121,193,201
11580 DATA 0,92,69,80,82,77,46,66,73,78
11590 DATA 0,92,69,80,82,77,50,46,66,73
11600 DATA 78,0,92,69,80,82,77,51,46,66
11610 DATA 73,78,0,92,0,229,33,45,6,209
11620 DATA 205,244,15,201,229,33,55,6,209,205
11630 DATA 244,15,201,229,33,66,6,209,205,244
11640 DATA 15,201,205,178,9,91,66,65,78,75
11650 DATA 83,93,13,10,0,17,1,240,6,8
11660 DATA 197,213,205,45,7,205,248,7,229,33
11670 DATA 10,240,205,68,35,225,209,205,155,7
11680 DATA 18,19,193,16,231,201,205,178,9,91
11690 DATA 69,88,69,67,93,13,10,0,205,45
11700 DATA 7,33,10,240,205,68,35,205,155,7
11710 DATA 50,9,240,201,17,13,240,126,254,13
11720 DATA 40,13,254,10,40,9,254,0,40,5
11730 DATA 18,19,35,24,238,175,18,201,205,178
11740 DATA 9,91,70,73,76,69,83,93,13,10
11750 DATA 0,6,1,205,178,6,33,13,240,1
11760 DATA 0,128,17,0,64,205,181,14,48,27
11770 DATA 205,178,9,69,82,82,79,82,32,76
11780 DATA 79,65,68,73,78,71,32,79,83,70
11790 DATA 73,76,69,13,10,0,201,205,178,9
11800 DATA 79,83,32,70,73,76,69,32,76,79
11810 DATA 65,68,69,68,33,33,33,13,10,0
11820 DATA 33,61,0,6,2,14,4,126,205,27
11830 DATA 6,35,4,13,32,247,201,17,10,240
11840 DATA 126,254,44,40,21,254,61,40,17,254
11850 DATA 0,40,13,254,13,40,9,254,10,40
11860 DATA 5,18,19,35,24,230,175,18,201,205
11870 DATA 178,9,91,80,65,71,69,83,93,13
11880 DATA 10,0,6,2,221,33,45,240,205,45
11890 DATA 7,229,197,33,10,240,205,168,9,62
11900 DATA 45,205,153,9,33,10,240,205,68,35
11910 DATA 193,221,119,0,221,35,205,27,6,4
11920 DATA 197,205,243,35,193,225,126,254,44,35
11930 DATA 40,212,62,255,221,119,0,201,126,184
11940 DATA 200,254,0,200,35,24,247,245,229,197
11950 DATA 213,205,243,35,209,193,225,241,201,245
11960 DATA 229,197,213,205,153,9,245,62,61,205
11970 DATA 153,9,241,205,243,35,209,193,225,241
11980 DATA 201,26,254,0,40,9,71,126,184,32
11990 DATA 6,19,35,24,242,175,201,55,201,26
12000 DATA 19,254,0,200,24,249,209,213,205,255
12010 DATA 7,48,16,209,126,254,0,40,4,35
12020 DATA 213,24,239,205,207,7,213,55,201,35
12030 DATA 205,248,7,209,205,207,7,213,175,201
12040 DATA 126,254,31,208,35,24,249,6,91,205
12050 DATA 146,7,183,40,12,35,205,189,7,216
12060 DATA 126,254,93,32,2,175,201,55,201,175
12070 DATA 205,0,10,40,4,205,208,9,201,205
12080 DATA 42,24,40,241,205,30,24,183,202,21
12090 DATA 8,201,92,66,79,79,84,46,73,78
12100 DATA 73,0,92,70,79,78,84,46,67,72
12110 DATA 82,0,33,169,8,205,168,9,205,208
12120 DATA 9,254,85,204,105,8,254,88,202,96
12130 DATA 8,254,74,204,142,8,254,83,202,51
12140 DATA 1,195,64,8,17,145,241,26,111,19
12150 DATA 26,103,233,205,208,9,111,205,208,9
12160 DATA 103,205,208,9,79,205,208,9,71,17
12170 DATA 145,241,125,18,19,124,18,229,205,208
12180 DATA 9,119,35,11,120,177,32,246,225,201
12190 DATA 205,208,9,111,205,208,9,103,205,208
12200 DATA 9,79,205,208,9,71,126,205,153,9
12210 DATA 35,11,120,177,32,246,201,85,58,85
12220 DATA 80,76,44,88,58,82,85,78,44,74
12230 DATA 58,68,79,87,78,76,44,83,58,66
12240 DATA 79,79,84,10,13,0,126,183,200,205
12250 DATA 153,9,24,248,205,153,9,201,229,197
12260 DATA 213,245,38,0,111,17,202,241,205,204
12270 DATA 33,62,10,18,19,62,13,18,19,175
12280 DATA 18,33,202,241,205,200,0,241,209,193
12290 DATA 225,201,229,197,213,245,245,205,200,0
12300 DATA 62,32,205,181,0,33,202,241,62,48
12310 DATA 119,35,62,120,119,35,241,205,144,35
12320 DATA 175,119,33,202,241,205,200,0,205,189
12330 DATA 0,241,209,193,225,201,229,197,213,245
12340 DATA 229,205,99,34,33,163,240,205,250,34
12350 DATA 205,200,0,62,32,205,181,0,33,202
12360 DATA 241,205,200,0,225,205,200,0,205,189
12370 DATA 0,241,209,193,225,201,0,33,29,240
12380 DATA 6,8,175,119,60,35,16,251,201,79
12390 DATA 120,254,2,216,254,7,200,33,29,240
12400 DATA 22,0,95,25,121,119,14,0,88,203
12410 DATA 32,203,32,203,32,203,32,203,32,237
12420 DATA 121,67,201,33,29,240,22,0,88,25
12430 DATA 126,201,245,62,128,211,35,241,211,32
12440 DATA 62,0,211,33,62,3,211,35,62,0
12450 DATA 211,34,62,0,211,33,201,205,159,9
12460 DATA 211,32,201,245,219,37,203,111,40,250
12470 DATA 241,201,126,35,254,0,200,205,153,9
12480 DATA 24,246,229,197,213,245,33,9,0,57
12490 DATA 70,43,78,96,105,205,168,9,241,209
12500 DATA 68,77,33,5,0,57,112,43,113,193
12510 DATA 225,201,237,87,245,209,243,62,1,211
12520 DATA 36,205,247,9,175,211,36,219,32,213
12530 DATA 87,241,122,224,251,201,62,1,211,36
12540 DATA 219,37,203,71,40,3,243,24,231,175
12550 DATA 201,245,219,37,203,71,40,250,241,201
12560 DATA 219,37,203,71,201,245,241,201,245,62
12570 DATA 13,205,153,9,62,10,205,153,9,241
12580 DATA 201,245,229,197,219,37,203,103,40,4
12590 DATA 62,66,24,26,203,87,40,4,62,80
12600 DATA 24,18,203,95,40,4,62,70,24,10
12610 DATA 203,79,40,4,62,79,24,2,62,78
12620 DATA 33,50,240,119,193,225,241,201,205,24
12630 DATA 11,254,0,200,245,17,54,240,71,205
12640 DATA 24,11,18,19,16,249,241,201,245,205
12650 DATA 178,9,70,65,84,65,76,32,69,82
12660 DATA 82,79,82,58,0,241,205,243,35,33
12670 DATA 121,10,254,146,40,1,201,205,168,9
12680 DATA 201,80,65,82,84,73,84,73,79,78
12690 DATA 46,78,79,84,46,83,85,80,80,79
12700 DATA 82,84,69,68,33,33,33,10,13,0
12710 DATA 229,205,164,10,225,192,216,175,205,195
12720 DATA 10,254,20,201,175,1,50,0,205,21
12730 DATA 11,203,127,200,245,197,6,4,205,150
12740 DATA 33,193,241,11,95,120,177,123,32,234
12750 DATA 55,6,2,5,201,62,34,205,5,11
12760 DATA 205,24,11,201,1,196,9,205,21,11
12770 DATA 203,103,200,197,245,6,10,205,150,33
12780 DATA 241,193,11,95,120,177,123,32,234,245
12790 DATA 205,243,35,241,205,178,9,42,42,42
12800 DATA 67,77,68,32,84,73,77,69,79,85
12810 DATA 84,42,42,42,10,13,0,6,2,5
12820 DATA 201,211,49,24,2,211,48,197,213,229
12830 DATA 205,204,10,225,209,193,201,219,49,201
12840 DATA 219,48,201,62,1,205,5,11,205,24
12850 DATA 11,230,15,201,62,5,205,5,11,62
12860 DATA 6,205,5,11,62,87,205,9,11,205
12870 DATA 24,11,254,168,201,245,62,21,205,5
12880 DATA 11,241,205,9,11,6,4,205,150,33
12890 DATA 205,195,10,254,21,200,245,205,178,9
12900 DATA 69,82,82,58,32,83,69,84,85,83
12910 DATA 66,77,79,68,69,10,13,0,241,205
12920 DATA 243,35,201,62,48,205,5,11,205,150
12930 DATA 10,216,200,201,62,49,205,5,11,205
12940 DATA 150,10,201,6,10,197,205,59,11,32
12950 DATA 16,205,107,11,32,11,62,49,205,5
12960 DATA 11,205,150,10,193,200,197,6,100,205
12970 DATA 169,33,193,16,226,6,2,5,245,205
12980 DATA 178,9,69,82,82,58,32,77,79,85
12990 DATA 78,84,32,68,73,83,75,10,13,0
13000 DATA 241,201,126,205,9,11,192,126,183,200
13010 DATA 35,24,245,87,175,50,195,240,205,38
13020 DATA 11,32,6,122,205,59,11,40,3,62
13030 DATA 0,201,205,27,11,191,62,128,50,195
13040 DATA 240,201,58,195,240,203,127,201,205,226
13050 DATA 11,55,200,6,5,205,107,11,40,6
13060 DATA 48,28,16,247,175,201,175,58,195,240
13070 DATA 203,71,192,205,118,11,32,12,58,195
13080 DATA 240,203,199,50,195,240,175,62,1,201
13090 DATA 175,58,195,240,203,71,200,203,135,50
13100 DATA 195,240,62,2,201,195,127,11,42,0
13110 DATA 205,88,12,33,36,12,205,213,12,200
13120 DATA 62,39,205,5,11,205,68,10,62,0
13130 DATA 18,33,54,240,205,198,8,62,13,205
13140 DATA 206,8,62,51,205,5,11,205,150,10
13150 DATA 254,66,24,221,126,35,183,200,24,250
13160 DATA 229,213,197,33,147,241,205,101,12,193
13170 DATA 209,225,201,126,183,200,229,205,213,12
13180 DATA 225,216,55,62,150,200,205,82,12,24
13190 DATA 238,229,126,254,92,40,14,254,47,40
13200 DATA 10,254,46,32,45,254,46,40,15,225
13210 DATA 201,33,147,241,54,92,35,54,0,35
13220 DATA 54,0,225,201,33,147,241,205,82,12
13230 DATA 126,183,235,225,200,229,235,68,77,205
13240 DATA 82,12,126,183,32,247,175,2,225,201
13250 DATA 235,33,147,241,205,82,12,126,183,32
13260 DATA 249,235,126,18,35,19,183,32,249,235
13270 DATA 54,0,225,201,245,205,198,8,62,10
13280 DATA 205,206,8,241,201,229,62,47,205,5
13290 DATA 11,205,186,11,32,14,62,50,205,5
13300 DATA 11,205,150,10,225,254,66,200,183,201
13310 DATA 225,55,201,201,201,213,17,0,0,205
13320 DATA 252,12,209,201,62,57,205,5,11,121
13330 DATA 205,9,11,120,205,9,11,123,205,9
13340 DATA 11,122,205,9,11,205,150,10,201,201
13350 DATA 201,62,39,205,5,11,205,68,10,245
13360 DATA 214,8,71,241,33,62,240,126,229,197
13370 DATA 205,162,0,193,225,35,16,245,205,8
13380 DATA 10,62,63,205,5,11,205,150,10,192
13390 DATA 62,39,205,5,11,205,68,10,221,33
13400 DATA 54,240,221,229,221,86,3,221,94,2
13410 DATA 221,102,1,221,110,0,205,106,34,33
13420 DATA 163,240,205,250,34,205,200,0,205,212
13430 DATA 0,32,83,69,67,84,79,82,83,10
13440 DATA 13,0,221,225,221,229,221,86,7,221
13450 DATA 94,6,221,102,5,221,110,4,205,106
13460 DATA 34,33,163,240,205,250,34,205,200,0
13470 DATA 205,212,0,32,83,69,67,84,79,82
13480 DATA 83,32,70,82,69,69,32,32,32,10
13490 DATA 13,0,221,225,221,126,8,61,40,8
13500 DATA 61,40,24,61,40,40,24,57,205,212
13510 DATA 0,70,83,32,73,83,32,70,65,84
13520 DATA 45,49,50,10,13,0,201,205,212,0
13530 DATA 70,83,32,73,83,32,70,65,84,45
13540 DATA 49,54,10,13,0,201,205,212,0,70
13550 DATA 83,32,73,83,32,70,65,84,45,51
13560 DATA 50,10,13,0,201,205,212,0,85,78
13570 DATA 75,78,79,87,78,32,70,83,10,13
13580 DATA 0,221,126,8,201,245,62,47,205,5
13590 DATA 11,33,104,240,205,186,11,40,30,241
13600 DATA 205,212,0,69,82,82,79,82,32,83
13610 DATA 69,84,84,73,78,71,32,70,73,76
13620 DATA 69,78,65,77,69,10,13,0,201,241
13630 DATA 183,40,12,214,1,40,8,214,1,40
13640 DATA 4,62,52,24,2,62,50,205,5,11
13650 DATA 205,150,10,201,62,54,205,5,11,62
13660 DATA 1,205,9,11,205,150,10,201,213,62
13670 DATA 58,205,5,11,121,205,9,11,120,205
13680 DATA 9,11,47,47,209,33,0,0,229,213
13690 DATA 205,150,10,209,225,40,28,254,29,32
13700 DATA 28,62,39,205,5,11,205,24,11,71
13710 DATA 205,24,11,18,19,35,16,248,62,59
13720 DATA 205,5,11,24,219,68,77,175,201,245
13730 DATA 205,243,35,205,212,0,69,82,82,79
13740 DATA 82,32,82,69,65,68,73,78,71,32
13750 DATA 66,76,79,67,75,33,33,33,32,0
13760 DATA 241,6,2,5,201,213,197,205,40,36
13770 DATA 175,205,1,14,32,75,193,209,205,84
13780 DATA 14,40,32,205,243,35,205,212,0,32
13790 DATA 69,82,82,79,82,32,82,69,65,68
13800 DATA 73,78,71,32,70,73,76,69,10,13
13810 DATA 0,213,197,24,36,197,205,102,34,33
13820 DATA 163,240,205,250,34,205,168,9,205,212
13830 DATA 0,32,66,89,84,69,83,32,82,69
13840 DATA 65,68,10,13,0,205,70,14,193,175
13850 DATA 201,193,209,205,243,35,205,212,0,45
13860 DATA 45,62,69,82,82,79,82,32,65,84
13870 DATA 32,76,79,65,68,70,73,76,69,10
13880 DATA 13,0,33,104,240,205,168,9,205,8
13890 DATA 10,55,201,213,197,205,40,36,175,205
13900 DATA 1,14,32,50,193,205,243,12,1,244
13910 DATA 1,209,205,84,14,40,30,205,243,35
13920 DATA 205,212,0,32,69,82,82,79,82,32
13930 DATA 82,69,65,68,73,78,71,32,70,73
13940 DATA 76,69,10,13,0,24,9,197,205,70
13950 DATA 14,193,175,201,193,209,205,243,35,205
13960 DATA 212,0,45,45,62,69,82,82,79,82
13970 DATA 32,79,80,69,78,73,78,71,32,70
13980 DATA 73,76,69,10,13,0,33,104,240,205
13990 DATA 168,9,205,8,10,55,201,213,62,60
14000 DATA 205,5,11,121,205,9,11,120,205,9
14010 DATA 11,225,205,150,10,40,27,254,30,32
14020 DATA 25,62,45,205,5,11,205,24,11,71
14030 DATA 126,205,9,11,35,16,249,62,61,205
14040 DATA 5,11,24,224,183,201,245,205,243,35
14050 DATA 205,212,0,69,82,82,79,82,32,87
14060 DATA 82,73,84,73,78,71,32,66,76,79
14070 DATA 67,75,33,33,33,32,13,10,0,241
14080 DATA 6,2,5,201,213,197,229,205,212,0
14090 DATA 10,13,83,65,86,69,32,70,73,76
14100 DATA 69,10,13,10,13,0,225,205,40,36
14110 DATA 62,4,205,1,14,32,78,205,212,0
14120 DATA 10,13,70,73,76,69,32,67,82,69
14130 DATA 65,84,69,68,32,79,75,10,13,0
14140 DATA 193,209,205,157,15,40,25,205,212,0
14150 DATA 32,69,82,82,79,82,32,87,82,73
14160 DATA 84,73,78,71,32,70,73,76,69,10
14170 DATA 13,0,205,212,0,66,89,84,69,32
14180 DATA 87,82,73,84,84,69,78,10,13,0
14190 DATA 205,70,14,175,201,193,209,205,243,35
14200 DATA 205,212,0,45,45,62,69,82,82,79
14210 DATA 82,32,67,82,69,65,84,73,78,71
14220 DATA 32,70,73,76,69,10,13,0,33,104
14230 DATA 240,205,168,9,205,8,10,55,201,197
14240 DATA 213,205,40,36,62,1,205,1,14,32
14250 DATA 11,1,255,255,17,255,255,205,252,12
14260 DATA 24,9,62,4,205,1,14,62,151,32
14270 DATA 13,209,193,205,157,15,245,205,70,14
14280 DATA 241,192,175,201,209,193,55,201,14,3
14290 DATA 62,4,203,39,203,39,203,39,203,39
14300 DATA 6,15,176,71,205,94,17,201,245,205
14310 DATA 144,17,14,0,205,94,17,241,201,245
14320 DATA 205,144,17,14,1,205,94,17,241,201
14330 DATA 245,205,144,17,14,2,205,94,17,241
14340 DATA 201,245,205,144,17,14,3,205,94,17
14350 DATA 241,201,15,229,245,6,4,205,119,9
14360 DATA 225,245,229,62,195,205,85,9,33,248
14370 DATA 31,17,0,128,183,237,90,193,126,31
14380 DATA 203,24,23,119,241,6,4,205,85,9
14390 DATA 225,201,229,6,4,205,119,9,245,62
14400 DATA 195,205,85,9,33,248,31,17,0,128
14410 DATA 183,237,90,126,203,127,40,4,203,191
14420 DATA 24,2,203,255,119,241,6,4,205,85
14430 DATA 9,225,201,50,152,240,201,58,152,240
14440 DATA 238,1,50,152,240,201,229,197,6,4
14450 DATA 205,119,9,193,245,197,62,195,6,4
14460 DATA 205,85,9,193,121,33,248,31,17,0
14470 DATA 128,183,237,90,119,35,120,119,241,197
14480 DATA 6,4,205,85,9,193,225,121,203,71
14490 DATA 194,223,18,195,43,21,229,6,4,205
14500 DATA 119,9,245,62,195,205,85,9,33,248
14510 DATA 31,17,0,128,183,237,90,126,230,3
14520 DATA 79,35,126,71,241,197,6,4,205,85
14530 DATA 9,193,225,121,201,205,144,17,203,71
14540 DATA 194,229,18,195,181,21,245,209,254,31
14550 DATA 220,223,17,40,6,205,210,17,205,48
14560 DATA 18,201,103,205,144,17,203,71,124,194
14570 DATA 125,19,195,79,22,245,213,205,235,19
14580 DATA 209,241,254,8,32,24,58,147,240,254
14590 DATA 0,200,61,50,147,240,213,241,48,27
14600 DATA 62,32,50,151,240,205,210,17,175,201
14610 DATA 254,10,200,254,13,32,17,205,235,19
14620 DATA 205,67,18,50,147,240,201,205,174,19
14630 DATA 122,50,151,240,175,201,205,100,18,126
14640 DATA 254,0,40,8,229,205,194,17,225,35
14650 DATA 24,243,205,134,18,201,245,229,33,149
14660 DATA 240,58,147,240,60,190,204,67,18,50
14670 DATA 147,240,225,241,201,33,150,240,58,148
14680 DATA 240,60,190,204,83,18,50,148,240,175
14690 DATA 201,205,144,17,203,71,202,82,22,203
14700 DATA 79,204,107,20,205,53,20,201,58,41
14710 DATA 240,60,50,41,240,254,1,192,229,6
14720 DATA 4,205,119,9,50,37,240,58,152,240
14730 DATA 31,62,192,48,2,62,196,205,85,9
14740 DATA 225,201,58,41,240,61,50,41,240,254
14750 DATA 0,192,229,6,4,58,37,240,205,85
14760 DATA 9,225,201,205,100,18,33,0,64,17
14770 DATA 0,144,1,0,10,237,176,205,134,18
14780 DATA 201,121,22,40,30,20,203,79,40,4
14790 DATA 22,80,30,40,122,50,149,240,123,50
14800 DATA 150,240,201,175,50,41,240,50,37,240
14810 DATA 62,14,50,145,240,62,4,50,146,240
14820 DATA 205,173,18,175,50,147,240,50,148,240
14830 DATA 201,205,195,18,205,155,18,58,149,240
14840 DATA 103,58,150,240,95,205,89,36,229,205
14850 DATA 100,18,205,144,17,193,203,79,40,14
14860 DATA 33,0,128,62,32,119,17,1,128,237
14870 DATA 176,195,47,19,33,0,128,17,0,132
14880 DATA 195,31,19,205,100,18,1,32,3,33
14890 DATA 0,128,17,0,132,62,32,119,197,205
14900 DATA 68,19,193,18,35,19,11,120,177,32
14910 DATA 240,175,50,147,240,50,148,240,205,134
14920 DATA 18,201,203,32,203,32,203,32,203,32
14930 DATA 176,201,58,146,240,71,58,145,240,205
14940 DATA 58,19,201,245,230,15,50,145,240,241
14950 DATA 203,47,203,47,203,47,203,47,230,15
14960 DATA 50,146,240,201,245,58,148,240,103,58
14970 DATA 149,240,95,205,89,36,17,0,128,25
14980 DATA 22,0,58,147,240,95,25,241,201,229
14990 DATA 245,205,100,18,205,100,19,241,119,229
15000 DATA 205,144,17,203,79,225,32,8,17,0
15010 DATA 4,25,205,68,19,119,225,205,134,18
15020 DATA 201,245,205,100,18,205,100,19,17,0
15030 DATA 4,25,241,119,205,134,18,201,205,144
15040 DATA 17,203,71,32,7,22,147,58,146,240
15050 DATA 95,201,205,100,18,205,100,19,126,245
15060 DATA 205,144,17,254,3,209,40,10,122,17
15070 DATA 0,4,25,87,126,95,24,2,30,0
15080 DATA 98,107,205,134,18,84,93,201,187,200
15090 DATA 123,15,15,15,15,205,157,19,201,205
15100 DATA 144,17,203,71,40,4,203,79,40,5
15110 DATA 58,151,240,24,10,205,174,19,205,68
15120 DATA 19,205,224,19,201,205,210,17,201,205
15130 DATA 174,19,213,205,144,17,209,203,79,32
15140 DATA 19,203,71,40,11,205,68,19,15,15
15150 DATA 15,15,205,224,19,201,62,147,24,9
15160 DATA 122,254,147,200,50,151,240,62,147,205
15170 DATA 210,17,201,205,100,18,58,149,240,38
15180 DATA 0,111,17,0,128,25,229,213,103,58
15190 DATA 150,240,61,95,205,89,36,68,77,209
15200 DATA 225,197,237,176,209,33,0,128,25,58
15210 DATA 149,240,71,62,32,119,35,16,252,205
15220 DATA 134,18,58,150,240,61,201,205,100,18
15230 DATA 33,40,132,17,0,132,1,248,2,237
15240 DATA 176,205,68,19,33,248,134,6,40,119
15250 DATA 35,16,252,205,134,18,201,58,41,240
15260 DATA 60,50,41,240,254,1,192,229,6,2
15270 DATA 205,119,9,50,37,240,6,3,205,119
15280 DATA 9,50,38,240,58,152,240,31,56,16
15290 DATA 62,192,6,2,205,85,9,62,193,6
15300 DATA 3,205,85,9,225,201,62,197,6,2
15310 DATA 205,85,9,62,197,6,3,205,85,9
15320 DATA 225,201,58,41,240,60,50,41,240,254
15330 DATA 1,192,229,6,2,205,119,9,50,37
15340 DATA 240,6,3,205,119,9,50,38,240,58
15350 DATA 152,240,31,56,16,62,194,6,2,205
15360 DATA 85,9,62,195,6,3,205,85,9,225
15370 DATA 201,62,198,6,2,205,85,9,62,200
15380 DATA 6,3,205,85,9,225,201,58,41,240
15390 DATA 254,0,200,61,50,41,240,254,0,192
15400 DATA 229,6,2,58,37,240,205,85,9,6
15410 DATA 3,58,38,240,205,85,9,225,201,205
15420 DATA 195,18,205,181,21,175,201,245,229,213
15430 DATA 183,17,64,1,237,82,48,15,209,213
15440 DATA 235,17,200,0,237,82,48,5,209,225
15450 DATA 241,55,201,209,225,241,183,201,205,51
15460 DATA 21,208,229,245,123,254,102,56,39,32
15470 DATA 22,229,1,128,0,183,237,66,71,124
15480 DATA 183,120,225,32,23,62,103,17,64,1
15490 DATA 183,237,82,214,103,17,192,0,183,237
15500 DATA 90,245,205,202,20,241,24,5,245,205
15510 DATA 137,20,241,17,0,64,203,60,203,29
15520 DATA 25,229,17,160,0,205,101,36,209,25
15530 DATA 193,209,126,203,67,40,4,230,240,24
15540 DATA 10,203,0,203,0,203,0,203,0,230
15550 DATA 15,176,119,205,11,21,201,205,137,20
15560 DATA 33,0,64,17,1,64,1,255,63,175
15570 DATA 119,237,176,205,11,21,205,202,20,33
15580 DATA 0,64,17,1,64,1,255,60,175,119
15590 DATA 237,176,205,11,21,175,50,147,240,50
15600 DATA 148,240,201,197,18,19,11,103,120,177
15610 DATA 124,32,247,45,125,183,124,193,32,239
15620 DATA 201,229,245,123,254,102,56,37,32,22
15630 DATA 229,1,128,0,183,237,66,71,124,183
15640 DATA 120,225,32,21,62,103,17,64,1,183
15650 DATA 237,82,214,103,17,192,0,25,245,205
15660 DATA 202,20,241,24,5,245,205,137,20,241
15670 DATA 17,0,64,203,60,203,29,25,17,160
15680 DATA 0,205,101,36,193,209,126,203,67,40
15690 DATA 4,230,15,24,10,203,7,203,7,203
15700 DATA 7,203,7,230,15,245,205,11,21,241
15710 DATA 201,195,88,23,201,6,2,58,41,240
15720 DATA 60,50,41,240,254,1,192,229,14,4
15730 DATA 33,37,240,197,229,205,119,9,225,119
15740 DATA 35,4,13,32,245,193,14,4,58,152
15750 DATA 240,31,62,192,48,2,62,196,197,205
15760 DATA 85,9,193,60,4,13,32,246,225,201
15770 DATA 6,2,58,41,240,254,0,200,61,50
15780 DATA 41,240,254,0,192,229,33,37,240,14
15790 DATA 4,126,229,197,205,85,9,193,225,4
15800 DATA 35,13,32,243,225,201,62,80,229,205
15810 DATA 101,36,235,225,14,8,205,187,36,25
15820 DATA 17,0,64,25,79,62,7,145,6,1
15830 DATA 183,40,5,203,16,61,24,249,120,201
15840 DATA 245,229,213,183,17,128,2,237,82,48
15850 DATA 15,209,213,235,17,144,1,237,82,209
15860 DATA 225,48,3,241,55,201,241,175,201,205
15870 DATA 208,22,208,245,229,213,205,83,22,209
15880 DATA 225,205,174,22,209,95,58,146,240,186
15890 DATA 40,5,126,179,119,24,6,123,47,95
15900 DATA 126,163,119,205,138,22,201,205,208,22
15910 DATA 208,205,83,22,209,225,241,205,174,22
15920 DATA 95,126,163,254,0,40,2,62,1,245
15930 DATA 205,138,22,241,201,245,229,213,205,144
15940 DATA 17,209,225,241,229,213,221,33,72,23
15950 DATA 221,229,203,73,194,237,22,195,82,21
15960 DATA 209,225,201,213,205,144,17,209,203,73
15970 DATA 194,19,23,195,245,21,245,30,8,58
15980 DATA 147,240,103,205,89,36,229,30,10,58
15990 DATA 148,240,103,205,89,36,209,235,241,229
16000 DATA 213,183,33,0,64,22,0,95,237,90
16010 DATA 14,10,235,26,6,8,203,39,103,56
16020 DATA 5,58,146,240,24,3,58,145,240,217
16030 DATA 209,225,205,47,23,35,229,213,217,124
16040 DATA 16,230,217,209,225,6,0,14,8,183
16050 DATA 237,66,19,229,213,217,20,13,32,209
16060 DATA 209,225,201,103,58,148,240,245,124,50
16070 DATA 148,240,245,205,144,17,241,203,73,6
16080 DATA 78,32,2,6,38,62,32,197,205,194
16090 DATA 17,193,16,247,62,32,205,210,17,175
16100 DATA 50,147,240,241,50,148,240,201,33,51
16110 DATA 240,203,198,205,117,24,201,33,51,240
16120 DATA 203,134,205,117,24,201,33,51,240,203
16130 DATA 206,205,117,24,201,33,51,240,203,142
16140 DATA 205,117,24,201,33,51,240,203,214,205
16150 DATA 117,24,201,33,51,240,203,150,205,117
16160 DATA 24,201,33,51,240,203,254,201,33,51
16170 DATA 240,203,190,201,205,47,24,183,200,50
16180 DATA 53,240,205,90,25,201,219,73,203,71
16190 DATA 201,205,72,24,183,200,205,153,24,33
16200 DATA 52,240,203,102,40,203,24,192,205,24
16210 DATA 24,175,50,53,240,201,243,219,73,203
16220 DATA 71,32,2,175,201,219,72,251,205,24
16230 DATA 24,201,219,73,203,71,40,250,219,72
16240 DATA 201,1,0,32,219,73,203,71,32,7
16250 DATA 11,120,177,32,245,175,201,219,72,183
16260 DATA 201,245,126,245,62,237,211,72,219,73
16270 DATA 203,39,56,250,205,88,24,254,250,40
16280 DATA 4,254,254,40,235,241,230,7,211,72
16290 DATA 205,88,24,254,250,241,201,254,225,200
16300 DATA 254,240,200,254,224,200,254,170,200,79
16310 DATA 58,53,240,254,225,40,35,254,240,40
16320 DATA 89,254,224,40,33,121,254,18,204,54
16330 DATA 25,254,89,204,54,25,254,20,204,63
16340 DATA 25,254,17,204,72,25,254,88,204,81
16350 DATA 25,201,121,254,240,200,175,201,121,254
16360 DATA 107,200,254,114,200,254,116,200,254,117
16370 DATA 200,254,112,200,254,108,200,254,125,200
16380 DATA 254,122,200,254,105,200,254,113,200,254
16390 DATA 102,200,254,90,200,254,17,200,254,20
16400 DATA 200,254,74,200,254,240,32,0,175,201
16410 DATA 121,254,18,204,36,25,254,20,204,42
16420 DATA 25,254,17,204,48,25,254,89,204,36
16430 DATA 25,50,53,240,175,201,33,52,240,203
16440 DATA 182,201,33,52,240,203,190,201,33,52
16450 DATA 240,203,174,201,33,52,240,62,64,174
16460 DATA 119,175,201,33,52,240,62,128,174,119
16470 DATA 175,201,33,52,240,62,32,174,119,175
16480 DATA 201,33,52,240,62,16,174,119,175,201
16490 DATA 254,170,56,2,175,201,33,150,25,87
16500 DATA 205,144,25,71,254,97,56,4,254,123
16510 DATA 56,9,58,52,240,203,119,120,200,24
16520 DATA 15,58,52,240,79,203,31,203,31,169
16530 DATA 203,103,32,2,120,201,122,33,64,26
16540 DATA 205,144,25,201,6,0,79,9,126,201
16550 DATA 0,0,0,165,0,0,0,0,0,0
16560 DATA 168,166,0,0,96,0,0,0,0,0
16570 DATA 0,113,49,0,0,0,122,115,97,119
16580 DATA 50,0,0,99,120,100,101,52,51,0
16590 DATA 0,32,118,102,116,114,53,0,0,110
16600 DATA 98,104,103,121,54,0,0,44,109,106
16610 DATA 117,55,56,0,0,44,107,105,111,48
16620 DATA 57,0,0,46,47,108,59,112,45,0
16630 DATA 0,0,39,0,91,61,0,0,0,0
16640 DATA 13,93,0,92,0,0,0,0,0,0
16650 DATA 0,0,6,0,0,8,0,4,9,0
16660 DATA 0,0,1,7,10,0,3,11,27,0
16670 DATA 0,0,43,45,42,57,0,0,0,0
16680 DATA 0,167,0,0,0,0,0,0,0,0
16690 DATA 0,0,0,0,0,0,0,0,0,0
16700 DATA 0,0,0,0,0,0,0,0,0,0
16710 DATA 0,0,0,0,0,0,0,0,0,0
16720 DATA 0,0,0,165,0,0,0,0,0,0
16730 DATA 168,166,0,0,126,0,0,0,0,0
16740 DATA 0,81,33,0,0,0,90,83,65,87
16750 DATA 64,0,0,67,88,68,69,36,35,0
16760 DATA 0,32,86,70,84,82,37,0,0,78
16770 DATA 66,72,71,89,94,0,0,34,77,74
16780 DATA 85,38,42,0,0,60,75,73,79,41
16790 DATA 40,0,0,62,63,76,58,80,95,0
16800 DATA 0,0,34,0,123,43,0,0,0,0
16810 DATA 13,125,0,124,0,0,0,0,0,0
16820 DATA 0,0,6,0,0,8,0,4,9,0
16830 DATA 0,0,1,7,10,0,3,11,27,0
16840 DATA 0,0,43,45,42,57,0,0,0,0
16850 DATA 0,167,0,0,0,0,0,0,0,0
16860 DATA 0,0,0,0,0,0,0,0,0,0
16870 DATA 0,0,0,0,0,0,0,0,0,0
16880 DATA 0,0,0,0,0,0,0,0,0,0
16890 DATA 62,99,211,112,62,0,211,113,62,128
16900 DATA 211,114,205,250,26,201,197,1,0,32
16910 DATA 219,116,95,203,79,40,11,11,120,177
16920 DATA 32,244,62,116,205,153,9,123,193,201
16930 DATA 205,250,26,219,116,203,127,201,122,135
16940 DATA 211,115,62,144,211,116,205,18,27,32
16950 DATA 35,120,177,40,29,126,35,211,115,11
16960 DATA 120,177,40,11,62,16,211,116,205,18
16970 DATA 27,32,13,24,232,62,80,211,116,205
16980 DATA 18,27,32,2,175,201,95,121,183,192
16990 DATA 61,201,122,135,211,115,62,144,211,116
17000 DATA 213,205,18,27,209,32,235,123,211,115
17010 DATA 62,16,211,116,205,18,27,32,223,122
17020 DATA 135,246,1,211,115,62,144,211,116,205
17030 DATA 18,27,32,208,120,177,40,34,11,120
17040 DATA 177,40,16,62,32,211,116,205,250,26
17050 DATA 219,115,119,205,210,8,35,24,231,62
17060 DATA 104,211,116,205,250,26,219,115,119,205
17070 DATA 210,8,175,201,33,167,241,17,0,0
17080 DATA 6,1,197,213,197,80,1,0,0,205
17090 DATA 26,27,193,209,183,32,9,120,119,35
17100 DATA 28,123,254,10,40,8,193,4,120,254
17110 DATA 127,32,225,197,193,123,201,33,167,241
17120 DATA 62,10,183,200,245,70,120,183,32,2
17130 DATA 241,201,229,33,5,28,126,183,40,19
17140 DATA 184,40,5,35,35,35,24,244,35,94
17150 DATA 35,86,235,120,205,244,8,24,7,120
17160 DATA 33,118,28,205,244,8,225,35,241,61
17170 DATA 32,208,201,32,27,28,39,78,28,60
17180 DATA 45,28,80,90,28,87,90,28,104,105
17190 DATA 28,118,61,28,0,71,80,73,79,32
17200 DATA 69,88,80,32,70,79,85,78,68,32
17210 DATA 65,84,0,79,76,69,68,32,68,73
17220 DATA 83,80,76,65,89,32,65,84,0,66
17230 DATA 77,69,50,56,48,32,83,69,78,83
17240 DATA 79,82,32,65,84,0,76,67,68,32
17250 DATA 84,69,88,84,32,65,84,0,69,69
17260 DATA 80,82,79,77,32,50,52,76,67,32
17270 DATA 65,84,0,82,84,67,32,67,108,111
17280 DATA 99,107,32,65,84,0,68,69,86,32
17290 DATA 85,78,75,78,79,87,78,32,65,84
17300 DATA 0,22,0,15,48,2,203,226,15,48
17310 DATA 2,203,234,15,48,2,203,242,15,48
17320 DATA 2,203,250,123,15,48,2,203,194,58
17330 DATA 181,241,178,87,203,210,122,205,179,28
17340 DATA 203,146,122,205,179,28,201,213,229,33
17350 DATA 182,241,119,22,39,1,1,0,205,26
17360 DATA 27,225,209,201,30,0,24,2,30,1
17370 DATA 87,123,15,56,7,15,48,4,30,0
17380 DATA 24,14,122,203,63,203,63,203,63,203
17390 DATA 63,213,205,133,28,209,122,230,15,205
17400 DATA 133,28,201,6,4,205,169,33,201,62
17410 DATA 3,30,2,205,202,28,205,235,28,62
17420 DATA 3,30,2,205,202,28,205,235,28,62
17430 DATA 3,30,2,205,202,28,205,235,28,62
17440 DATA 2,30,2,205,202,28,205,235,28,62
17450 DATA 40,205,196,28,62,2,50,179,241,205
17460 DATA 72,29,205,92,29,62,2,50,180,241
17470 DATA 246,4,205,196,28,205,235,28,205,223
17480 DATA 29,201,58,179,241,203,151,50,179,241
17490 DATA 246,8,205,196,28,201,58,179,241,203
17500 DATA 215,50,179,241,246,8,205,196,28,201
17510 DATA 6,5,205,169,33,201,62,1,205,196
17520 DATA 28,205,86,29,201,126,254,0,200,205
17530 DATA 200,28,35,24,246,205,200,28,201,62
17540 DATA 2,205,196,28,205,86,29,201,0,64
17550 DATA 20,84,6,0,75,33,124,29,9,126
17560 DATA 130,246,128,205,196,28,201,58,179,241
17570 DATA 203,143,50,179,241,246,8,205,196,28
17580 DATA 201,58,179,241,203,207,50,179,241,246
17590 DATA 8,205,196,28,201,58,179,241,203,135
17600 DATA 50,179,241,246,8,205,196,28,201,58
17610 DATA 179,241,203,199,50,179,241,246,8,205
17620 DATA 196,28,201,62,24,205,196,28,201,62
17630 DATA 28,205,196,28,201,62,16,205,196,28
17640 DATA 201,62,20,205,196,28,201,62,8,50
17650 DATA 181,241,205,179,28,201,62,0,50,181
17660 DATA 241,205,179,28,201,83,117,110,100,97
17670 DATA 121,0,77,111,110,100,97,121,0,84
17680 DATA 117,101,115,100,97,121,0,87,101,100
17690 DATA 110,101,115,100,97,121,0,84,104,117
17700 DATA 114,115,100,97,121,0,70,114,105,100
17710 DATA 97,121,0,83,97,116,117,114,100,97
17720 DATA 121,0,241,29,248,29,255,29,7,30
17730 DATA 17,30,26,30,33,30,82,84,67,32
17740 DATA 69,82,32,82,86,10,13,0,82,84
17750 DATA 67,32,69,82,32,83,68,10,13,0
17760 DATA 123,197,205,210,8,193,121,205,210,8
17770 DATA 33,68,30,205,168,9,201,121,205,210
17780 DATA 8,33,56,30,205,168,9,55,201,175
17790 DATA 6,20,33,182,241,119,35,16,252,201
17800 DATA 100,100,47,109,109,47,121,121,32,119
17810 DATA 32,104,104,58,109,109,58,115,115,33
17820 DATA 120,30,17,215,241,1,19,0,237,176
17830 DATA 205,109,30,201,33,182,241,22,104,30
17840 DATA 0,1,7,0,205,80,27,194,97,30
17850 DATA 175,201,17,182,241,175,18,19,33,232
17860 DATA 241,205,227,30,33,229,241,205,227,30
17870 DATA 33,226,241,205,227,30,33,224,241,205
17880 DATA 227,30,33,215,241,205,227,30,33,218
17890 DATA 241,205,227,30,33,221,241,205,227,30
17900 DATA 62,0,18,205,43,31,201,213,205,68
17910 DATA 35,209,205,230,33,125,18,19,201,17
17920 DATA 182,241,175,18,19,62,10,205,230,33
17930 DATA 125,18,19,62,34,205,230,33,125,18
17940 DATA 19,62,18,205,230,33,125,18,19,62
17950 DATA 5,18,19,62,18,205,230,33,125,18
17960 DATA 19,62,2,205,230,33,125,18,19,62
17970 DATA 21,205,230,33,125,18,19,175,18,33
17980 DATA 182,241,22,104,1,9,0,205,26,27
17990 DATA 194,80,30,201,33,182,241,229,62,7
18000 DATA 119,35,122,119,225,22,104,1,2,0
18010 DATA 205,26,27,194,80,30,201,205,77,34
18020 DATA 38,0,201,6,7,33,182,241,126,254
18030 DATA 255,40,5,35,16,248,175,201,55,201
18040 DATA 205,109,30,205,154,30,216,205,87,31
18050 DATA 216,221,33,182,241,17,215,241,38,0
18060 DATA 221,110,4,205,81,31,62,47,18,19
18070 DATA 221,110,5,205,81,31,62,47,18,19
18080 DATA 221,110,6,205,81,31,62,32,18,19
18090 DATA 221,110,2,205,81,31,62,58,18,19
18100 DATA 221,110,1,205,81,31,62,58,18,19
18110 DATA 221,110,0,205,81,31,19,175,18,201
18120 DATA 237,68,237,68,237,68,237,68,237,68
18130 DATA 237,68,237,68,237,68,201,211,64,205
18140 DATA 184,31,201,62,159,205,201,31,62,191
18150 DATA 205,201,31,62,223,205,201,31,62,255
18160 DATA 205,201,31,201,205,207,31,175,50,247
18170 DATA 241,175,33,235,241,119,84,93,19,1
18180 DATA 11,0,237,176,201,245,197,229,230,3
18190 DATA 7,7,7,7,7,246,128,71,125,230
18200 DATA 15,176,205,201,31,225,229,203,60,203
18210 DATA 29,203,60,203,29,203,60,203,29,203
18220 DATA 60,203,29,125,230,63,205,201,31,225
18230 DATA 193,241,201,245,197,62,2,14,0,205
18240 DATA 86,32,62,2,205,249,31,193,205,169
18250 DATA 33,62,2,14,4,205,86,32,241,201
18260 DATA 33,159,0,6,160,205,41,32,201,33
18270 DATA 53,0,6,60,205,41,32,201,245,197
18280 DATA 213,7,60,95,121,254,4,62,15,40
18290 DATA 9,62,1,12,13,40,3,7,24,250
18300 DATA 87,62,128,203,3,203,3,203,3,203
18310 DATA 3,178,179,205,201,31,209,193,241,201
18320 DATA 245,205,169,32,71,58,247,241,176,50
18330 DATA 247,241,241,14,4,205,86,32,201,245
18340 DATA 205,169,32,237,68,61,71,58,247,241
18350 DATA 160,50,247,241,241,14,0,205,86,32
18360 DATA 201,60,79,175,60,13,200,7,24,251
18370 DATA 253,33,235,241,221,33,243,241,14,0
18380 DATA 6,0,197,253,110,0,253,102,1,124
18390 DATA 181,40,6,205,223,32,193,4,197,193
18400 DATA 253,35,253,35,221,35,12,121,254,4
18410 DATA 32,226,120,183,201,221,126,0,183,40
18420 DATA 5,61,221,119,0,192,126,254,9,40
18430 DATA 38,95,35,229,102,107,89,121,14,0
18440 DATA 205,86,32,75,253,229,221,229,205,249
18450 DATA 31,221,225,253,225,225,35,126,221,119
18460 DATA 0,35,253,117,0,253,116,1,201,35
18470 DATA 126,35,254,9,40,9,254,8,40,19
18480 DATA 254,7,40,31,201,33,0,0,253,117
18490 DATA 0,253,116,1,121,205,94,33,201,121
18500 DATA 205,94,33,126,221,119,0,35,253,117
18510 DATA 0,253,116,1,201,126,35,229,71,121
18520 DATA 7,7,7,7,7,230,96,176,253,229
18530 DATA 221,229,205,201,31,221,225,253,225,225
18540 DATA 24,140,7,7,7,7,7,230,96,246
18550 DATA 4,195,201,31,0,0,0,0,0,0
18560 DATA 0,0,0,0,0,0,0,0,0,0
18570 DATA 0,0,0,0,195,166,33,0,20,19
18580 DATA 18,18,17,16,16,13,13,11,11,11
18590 DATA 8,6,6,3,3,1,0,0,219,128
18600 DATA 33,129,33,95,22,0,25,126,95,33
18610 DATA 106,33,25,233,16,253,201,197,6,190
18620 DATA 205,150,33,193,16,247,201,197,6,250
18630 DATA 205,169,33,6,250,205,169,33,6,250
18640 DATA 205,169,33,6,250,205,169,33,193,16
18650 DATA 232,201,245,213,205,1,34,209,205,39
18660 DATA 34,241,201,183,71,230,240,15,79,15
18670 DATA 15,129,79,120,230,15,129,201,38,255
18680 DATA 36,214,100,48,251,198,100,46,255,44
18690 DATA 214,10,48,251,198,10,79,125,7,7
18700 DATA 7,7,177,111,201,1,0,16,17,0
18710 DATA 0,41,123,143,39,95,122,143,39,87
18720 DATA 121,143,39,79,16,241,235,201,183,71
18730 DATA 230,240,15,79,15,15,129,79,120,230
18740 DATA 15,129,201,121,205,84,34,121,205,88
18750 DATA 34,124,205,84,34,124,205,88,34,125
18760 DATA 205,84,34,125,24,26,31,31,31,31
18770 DATA 230,15,198,144,39,206,64,39,18,19
18780 DATA 201,125,205,62,34,125,24,238,31,31
18790 DATA 31,31,230,15,198,144,39,206,64,39
18800 DATA 18,19,201,38,0,111,30,0,22,0
18810 DATA 1,0,0,221,33,0,0,34,155,240
18820 DATA 237,83,157,240,237,67,159,240,221,34
18830 DATA 161,240,33,163,240,17,164,240,54,32
18840 DATA 1,18,0,237,176,237,67,182,240,30
18850 DATA 1,33,163,240,1,9,9,175,5,40
18860 DATA 41,43,182,40,249,13,23,48,252,31
18870 DATA 87,229,197,33,182,240,67,203,18,126
18880 DATA 143,39,119,43,16,249,48,3,28,54
18890 DATA 1,13,32,235,193,14,8,225,43,86
18900 DATA 16,225,33,183,240,75,183,237,66,84
18910 DATA 93,237,66,235,65,203,33,62,48,237
18920 DATA 111,254,48,32,6,13,19,24,4,237
18930 DATA 111,18,19,237,111,18,19,35,16,245
18940 DATA 237,66,201,235,33,163,240,205,250,34
18950 DATA 237,176,235,201,126,254,32,192,35,24
18960 DATA 249,6,8,111,203,21,31,16,251,201
18970 DATA 229,126,254,0,40,14,254,48,56,6
18980 DATA 254,58,56,9,254,57,246,1,225,201
18990 DATA 191,225,201,35,24,231,229,126,254,0
19000 DATA 40,20,254,48,56,12,254,58,56,15
19010 DATA 254,48,56,4,254,71,56,7,246,1
19020 DATA 225,201,191,225,201,35,24,225,175,205
19030 DATA 74,35,122,201,87,126,35,214,58,198
19040 DATA 10,208,95,122,135,135,130,135,131,24
19050 DATA 239,126,205,108,35,135,135,135,135,87
19060 DATA 35,126,205,108,35,178,35,201,214,48
19070 DATA 254,10,216,214,7,201,205,91,35,71
19080 DATA 205,91,35,79,201,126,35,214,48,203
19090 DATA 39,203,39,203,39,203,39,71,126,35
19100 DATA 214,48,176,201,79,205,157,35,119,35
19110 DATA 121,205,161,35,119,35,201,31,31,31
19120 DATA 31,246,240,39,198,160,206,64,201,34
19130 DATA 184,240,201,175,50,186,240,50,184,240
19140 DATA 50,185,240,201,58,184,240,71,58,185
19150 DATA 240,128,183,201,245,237,91,184,240,235
19160 DATA 58,186,240,79,6,0,9,235,241,201
19170 DATA 58,186,240,60,50,186,240,201,205,194
19180 DATA 35,205,210,35,126,18,35,19,183,200
19190 DATA 24,245,205,194,35,18,205,210,35,19
19200 DATA 175,18,201,38,0,111,245,17,188,240
19210 DATA 205,77,34,62,104,18,19,175,18,33
19220 DATA 188,240,205,168,9,205,8,10,241,201
19230 DATA 229,14,0,126,35,12,254,0,32,249
19240 DATA 13,225,121,184,200,120,145,216,71,62
19250 DATA 48,43,119,16,252,201,17,104,240,126
19260 DATA 18,254,0,200,19,35,24,247,22,0
19270 DATA 106,6,8,41,210,62,36,25,16,249
19280 DATA 201,33,0,0,87,89,25,21,32,252
19290 DATA 201,175,6,16,41,203,23,187,56,2
19300 DATA 147,44,16,246,201,22,0,106,6,8
19310 DATA 41,48,1,25,16,250,201,46,0,6
19320 DATA 8,41,135,48,1,25,16,249,201,33
19330 DATA 0,0,120,6,16,41,203,33,23,48
19340 DATA 1,25,16,247,201,213,121,72,33,0
19350 DATA 0,6,16,41,23,203,17,48,7,25
19360 DATA 206,0,210,150,36,12,16,241,65,79
19370 DATA 209,201,175,6,8,203,19,23,145,48
19380 DATA 1,129,16,247,71,123,23,47,201,175
19390 DATA 6,8,203,34,23,187,56,2,147,20
19400 DATA 16,246,201,175,6,16,41,23,56,3
19410 DATA 185,56,2,145,44,16,245,201,33,0
19420 DATA 0,120,6,8,23,237,106,237,82,48
19430 DATA 1,25,16,246,23,47,71,121,72,6
19440 DATA 8,23,237,106,237,82,48,1,25,16
19450 DATA 246,23,47,65,79,201,25,217,237,90
19460 DATA 217,201,17,64,0,125,108,98,183,6
19470 DATA 8,237,82,48,1,25,63,203,18,135
19480 DATA 237,106,135,237,106,16,240,201,58,187
19490 DATA 240,71,15,15,15,238,31,128,222,255
